TABLE NO.  3
 ID          BWT
  1.0000E+00  7.9600E+01
  1.0000E+00  0.0000E+00
  1.0000E+00  0.0000E+00
  1.0000E+00  0.0000E+00
  1.0000E+00  0.0000E+00
  1.0000E+00  0.0000E+00
  1.0000E+00  0.0000E+00
  1.0000E+00  0.0000E+00
  1.0000E+00  0.0000E+00
  1.0000E+00  0.0000E+00
  1.0000E+00  0.0000E+00
  2.0000E+00  7.2400E+01
  2.0000E+00  0.0000E+00
  2.0000E+00  0.0000E+00
  2.0000E+00  0.0000E+00
  2.0000E+00  0.0000E+00
  2.0000E+00  0.0000E+00
  2.0000E+00  0.0000E+00
  2.0000E+00  0.0000E+00
  2.0000E+00  0.0000E+00
  2.0000E+00  0.0000E+00
  2.0000E+00  0.0000E+00
  3.0000E+00  7.0500E+01
  3.0000E+00  0.0000E+00
  3.0000E+00  0.0000E+00
  3.0000E+00  0.0000E+00
  3.0000E+00  0.0000E+00
  3.0000E+00  0.0000E+00
  3.0000E+00  0.0000E+00
  3.0000E+00  0.0000E+00
  3.0000E+00  0.0000E+00
  3.0000E+00  0.0000E+00
  3.0000E+00  0.0000E+00
  4.0000E+00  7.2700E+01
  4.0000E+00  0.0000E+00
  4.0000E+00  0.0000E+00
  4.0000E+00  0.0000E+00
  4.0000E+00  0.0000E+00
  4.0000E+00  0.0000E+00
  4.0000E+00  0.0000E+00
  4.0000E+00  0.0000E+00
  4.0000E+00  0.0000E+00
  4.0000E+00  0.0000E+00
  4.0000E+00  0.0000E+00
  5.0000E+00  5.4600E+01
  5.0000E+00  0.0000E+00
  5.0000E+00  0.0000E+00
  5.0000E+00  0.0000E+00
  5.0000E+00  0.0000E+00
  5.0000E+00  0.0000E+00
  5.0000E+00  0.0000E+00
  5.0000E+00  0.0000E+00
  5.0000E+00  0.0000E+00
  5.0000E+00  0.0000E+00
  5.0000E+00  0.0000E+00
  6.0000E+00  8.0000E+01
  6.0000E+00  0.0000E+00
  6.0000E+00  0.0000E+00
  6.0000E+00  0.0000E+00
  6.0000E+00  0.0000E+00
  6.0000E+00  0.0000E+00
  6.0000E+00  0.0000E+00
  6.0000E+00  0.0000E+00
  6.0000E+00  0.0000E+00
  6.0000E+00  0.0000E+00
  6.0000E+00  0.0000E+00
  7.0000E+00  6.4600E+01
  7.0000E+00  0.0000E+00
  7.0000E+00  0.0000E+00
  7.0000E+00  0.0000E+00
  7.0000E+00  0.0000E+00
  7.0000E+00  0.0000E+00
  7.0000E+00  0.0000E+00
  7.0000E+00  0.0000E+00
  7.0000E+00  0.0000E+00
  7.0000E+00  0.0000E+00
  7.0000E+00  0.0000E+00
  8.0000E+00  7.0500E+01
  8.0000E+00  0.0000E+00
  8.0000E+00  0.0000E+00
  8.0000E+00  0.0000E+00
  8.0000E+00  0.0000E+00
  8.0000E+00  0.0000E+00
  8.0000E+00  0.0000E+00
  8.0000E+00  0.0000E+00
  8.0000E+00  0.0000E+00
  8.0000E+00  0.0000E+00
  8.0000E+00  0.0000E+00
  9.0000E+00  8.6400E+01
  9.0000E+00  0.0000E+00
  9.0000E+00  0.0000E+00
  9.0000E+00  0.0000E+00
  9.0000E+00  0.0000E+00
  9.0000E+00  0.0000E+00
  9.0000E+00  0.0000E+00
  9.0000E+00  0.0000E+00
  9.0000E+00  0.0000E+00
  9.0000E+00  0.0000E+00
  9.0000E+00  0.0000E+00
  1.0000E+01  5.8200E+01
  1.0000E+01  0.0000E+00
  1.0000E+01  0.0000E+00
  1.0000E+01  0.0000E+00
  1.0000E+01  0.0000E+00
  1.0000E+01  0.0000E+00
  1.0000E+01  0.0000E+00
  1.0000E+01  0.0000E+00
  1.0000E+01  0.0000E+00
  1.0000E+01  0.0000E+00
  1.0000E+01  0.0000E+00
  1.1000E+01  6.5000E+01
  1.1000E+01  0.0000E+00
  1.1000E+01  0.0000E+00
  1.1000E+01  0.0000E+00
  1.1000E+01  0.0000E+00
  1.1000E+01  0.0000E+00
  1.1000E+01  0.0000E+00
  1.1000E+01  0.0000E+00
  1.1000E+01  0.0000E+00
  1.1000E+01  0.0000E+00
  1.1000E+01  0.0000E+00
  1.2000E+01  6.0500E+01
  1.2000E+01  0.0000E+00
  1.2000E+01  0.0000E+00
  1.2000E+01  0.0000E+00
  1.2000E+01  0.0000E+00
  1.2000E+01  0.0000E+00
  1.2000E+01  0.0000E+00
  1.2000E+01  0.0000E+00
  1.2000E+01  0.0000E+00
  1.2000E+01  0.0000E+00
  1.2000E+01  0.0000E+00
