TABLE NO.  2
 ID          CL          V           KA          K           ETA1        ETA2        ETA3
  1.0000E+00  2.0885E-02  3.8863E-01  1.6653E+00  5.3740E-02 -6.5977E-01 -1.7249E-01  1.1867E-01
  1.0000E+00  2.0885E-02  3.8863E-01  1.6653E+00  5.3740E-02 -6.5977E-01 -1.7249E-01  1.1867E-01
  1.0000E+00  2.0885E-02  3.8863E-01  1.6653E+00  5.3740E-02 -6.5977E-01 -1.7249E-01  1.1867E-01
  1.0000E+00  2.0885E-02  3.8863E-01  1.6653E+00  5.3740E-02 -6.5977E-01 -1.7249E-01  1.1867E-01
  1.0000E+00  2.0885E-02  3.8863E-01  1.6653E+00  5.3740E-02 -6.5977E-01 -1.7249E-01  1.1867E-01
  1.0000E+00  2.0885E-02  3.8863E-01  1.6653E+00  5.3740E-02 -6.5977E-01 -1.7249E-01  1.1867E-01
  1.0000E+00  2.0885E-02  3.8863E-01  1.6653E+00  5.3740E-02 -6.5977E-01 -1.7249E-01  1.1867E-01
  1.0000E+00  2.0885E-02  3.8863E-01  1.6653E+00  5.3740E-02 -6.5977E-01 -1.7249E-01  1.1867E-01
  1.0000E+00  2.0885E-02  3.8863E-01  1.6653E+00  5.3740E-02 -6.5977E-01 -1.7249E-01  1.1867E-01
  1.0000E+00  2.0885E-02  3.8863E-01  1.6653E+00  5.3740E-02 -6.5977E-01 -1.7249E-01  1.1867E-01
  1.0000E+00  2.0885E-02  3.8863E-01  1.6653E+00  5.3740E-02 -6.5977E-01 -1.7249E-01  1.1867E-01
  1.0000E+00  2.0885E-02  3.8863E-01  1.6653E+00  5.3740E-02 -6.5977E-01 -1.7249E-01  1.1867E-01
  2.0000E+00  4.4714E-02  4.4518E-01  1.9132E+00  1.0044E-01  1.0148E-01 -3.6646E-02  2.5744E-01
  2.0000E+00  4.4714E-02  4.4518E-01  1.9132E+00  1.0044E-01  1.0148E-01 -3.6646E-02  2.5744E-01
  2.0000E+00  4.4714E-02  4.4518E-01  1.9132E+00  1.0044E-01  1.0148E-01 -3.6646E-02  2.5744E-01
  2.0000E+00  4.4714E-02  4.4518E-01  1.9132E+00  1.0044E-01  1.0148E-01 -3.6646E-02  2.5744E-01
  2.0000E+00  4.4714E-02  4.4518E-01  1.9132E+00  1.0044E-01  1.0148E-01 -3.6646E-02  2.5744E-01
  2.0000E+00  4.4714E-02  4.4518E-01  1.9132E+00  1.0044E-01  1.0148E-01 -3.6646E-02  2.5744E-01
  2.0000E+00  4.4714E-02  4.4518E-01  1.9132E+00  1.0044E-01  1.0148E-01 -3.6646E-02  2.5744E-01
  2.0000E+00  4.4714E-02  4.4518E-01  1.9132E+00  1.0044E-01  1.0148E-01 -3.6646E-02  2.5744E-01
  2.0000E+00  4.4714E-02  4.4518E-01  1.9132E+00  1.0044E-01  1.0148E-01 -3.6646E-02  2.5744E-01
  2.0000E+00  4.4714E-02  4.4518E-01  1.9132E+00  1.0044E-01  1.0148E-01 -3.6646E-02  2.5744E-01
  2.0000E+00  4.4714E-02  4.4518E-01  1.9132E+00  1.0044E-01  1.0148E-01 -3.6646E-02  2.5744E-01
  2.0000E+00  4.4714E-02  4.4518E-01  1.9132E+00  1.0044E-01  1.0148E-01 -3.6646E-02  2.5744E-01
  3.0000E+00  4.1623E-02  4.6955E-01  2.1789E+00  8.8644E-02  2.9834E-02  1.6645E-02  3.8748E-01
  3.0000E+00  4.1623E-02  4.6955E-01  2.1789E+00  8.8644E-02  2.9834E-02  1.6645E-02  3.8748E-01
  3.0000E+00  4.1623E-02  4.6955E-01  2.1789E+00  8.8644E-02  2.9834E-02  1.6645E-02  3.8748E-01
  3.0000E+00  4.1623E-02  4.6955E-01  2.1789E+00  8.8644E-02  2.9834E-02  1.6645E-02  3.8748E-01
  3.0000E+00  4.1623E-02  4.6955E-01  2.1789E+00  8.8644E-02  2.9834E-02  1.6645E-02  3.8748E-01
  3.0000E+00  4.1623E-02  4.6955E-01  2.1789E+00  8.8644E-02  2.9834E-02  1.6645E-02  3.8748E-01
  3.0000E+00  4.1623E-02  4.6955E-01  2.1789E+00  8.8644E-02  2.9834E-02  1.6645E-02  3.8748E-01
  3.0000E+00  4.1623E-02  4.6955E-01  2.1789E+00  8.8644E-02  2.9834E-02  1.6645E-02  3.8748E-01
  3.0000E+00  4.1623E-02  4.6955E-01  2.1789E+00  8.8644E-02  2.9834E-02  1.6645E-02  3.8748E-01
  3.0000E+00  4.1623E-02  4.6955E-01  2.1789E+00  8.8644E-02  2.9834E-02  1.6645E-02  3.8748E-01
  3.0000E+00  4.1623E-02  4.6955E-01  2.1789E+00  8.8644E-02  2.9834E-02  1.6645E-02  3.8748E-01
  3.0000E+00  4.1623E-02  4.6955E-01  2.1789E+00  8.8644E-02  2.9834E-02  1.6645E-02  3.8748E-01
  4.0000E+00  3.8294E-02  4.3353E-01  1.0768E+00  8.8331E-02 -5.3517E-02 -6.3172E-02 -3.1735E-01
  4.0000E+00  3.8294E-02  4.3353E-01  1.0768E+00  8.8331E-02 -5.3517E-02 -6.3172E-02 -3.1735E-01
  4.0000E+00  3.8294E-02  4.3353E-01  1.0768E+00  8.8331E-02 -5.3517E-02 -6.3172E-02 -3.1735E-01
  4.0000E+00  3.8294E-02  4.3353E-01  1.0768E+00  8.8331E-02 -5.3517E-02 -6.3172E-02 -3.1735E-01
  4.0000E+00  3.8294E-02  4.3353E-01  1.0768E+00  8.8331E-02 -5.3517E-02 -6.3172E-02 -3.1735E-01
  4.0000E+00  3.8294E-02  4.3353E-01  1.0768E+00  8.8331E-02 -5.3517E-02 -6.3172E-02 -3.1735E-01
  4.0000E+00  3.8294E-02  4.3353E-01  1.0768E+00  8.8331E-02 -5.3517E-02 -6.3172E-02 -3.1735E-01
  4.0000E+00  3.8294E-02  4.3353E-01  1.0768E+00  8.8331E-02 -5.3517E-02 -6.3172E-02 -3.1735E-01
  4.0000E+00  3.8294E-02  4.3353E-01  1.0768E+00  8.8331E-02 -5.3517E-02 -6.3172E-02 -3.1735E-01
  4.0000E+00  3.8294E-02  4.3353E-01  1.0768E+00  8.8331E-02 -5.3517E-02 -6.3172E-02 -3.1735E-01
  4.0000E+00  3.8294E-02  4.3353E-01  1.0768E+00  8.8331E-02 -5.3517E-02 -6.3172E-02 -3.1735E-01
  4.0000E+00  3.8294E-02  4.3353E-01  1.0768E+00  8.8331E-02 -5.3517E-02 -6.3172E-02 -3.1735E-01
  5.0000E+00  4.3488E-02  4.7979E-01  1.2654E+00  9.0639E-02  7.3676E-02  3.8228E-02 -1.5592E-01
  5.0000E+00  4.3488E-02  4.7979E-01  1.2654E+00  9.0639E-02  7.3676E-02  3.8228E-02 -1.5592E-01
  5.0000E+00  4.3488E-02  4.7979E-01  1.2654E+00  9.0639E-02  7.3676E-02  3.8228E-02 -1.5592E-01
  5.0000E+00  4.3488E-02  4.7979E-01  1.2654E+00  9.0639E-02  7.3676E-02  3.8228E-02 -1.5592E-01
  5.0000E+00  4.3488E-02  4.7979E-01  1.2654E+00  9.0639E-02  7.3676E-02  3.8228E-02 -1.5592E-01
  5.0000E+00  4.3488E-02  4.7979E-01  1.2654E+00  9.0639E-02  7.3676E-02  3.8228E-02 -1.5592E-01
  5.0000E+00  4.3488E-02  4.7979E-01  1.2654E+00  9.0639E-02  7.3676E-02  3.8228E-02 -1.5592E-01
  5.0000E+00  4.3488E-02  4.7979E-01  1.2654E+00  9.0639E-02  7.3676E-02  3.8228E-02 -1.5592E-01
  5.0000E+00  4.3488E-02  4.7979E-01  1.2654E+00  9.0639E-02  7.3676E-02  3.8228E-02 -1.5592E-01
  5.0000E+00  4.3488E-02  4.7979E-01  1.2654E+00  9.0639E-02  7.3676E-02  3.8228E-02 -1.5592E-01
  5.0000E+00  4.3488E-02  4.7979E-01  1.2654E+00  9.0639E-02  7.3676E-02  3.8228E-02 -1.5592E-01
  5.0000E+00  4.3488E-02  4.7979E-01  1.2654E+00  9.0639E-02  7.3676E-02  3.8228E-02 -1.5592E-01
  6.0000E+00  4.9901E-02  5.0181E-01  1.0042E+00  9.9441E-02  2.1122E-01  8.3099E-02 -3.8714E-01
  6.0000E+00  4.9901E-02  5.0181E-01  1.0042E+00  9.9441E-02  2.1122E-01  8.3099E-02 -3.8714E-01
  6.0000E+00  4.9901E-02  5.0181E-01  1.0042E+00  9.9441E-02  2.1122E-01  8.3099E-02 -3.8714E-01
  6.0000E+00  4.9901E-02  5.0181E-01  1.0042E+00  9.9441E-02  2.1122E-01  8.3099E-02 -3.8714E-01
  6.0000E+00  4.9901E-02  5.0181E-01  1.0042E+00  9.9441E-02  2.1122E-01  8.3099E-02 -3.8714E-01
  6.0000E+00  4.9901E-02  5.0181E-01  1.0042E+00  9.9441E-02  2.1122E-01  8.3099E-02 -3.8714E-01
  6.0000E+00  4.9901E-02  5.0181E-01  1.0042E+00  9.9441E-02  2.1122E-01  8.3099E-02 -3.8714E-01
  6.0000E+00  4.9901E-02  5.0181E-01  1.0042E+00  9.9441E-02  2.1122E-01  8.3099E-02 -3.8714E-01
  6.0000E+00  4.9901E-02  5.0181E-01  1.0042E+00  9.9441E-02  2.1122E-01  8.3099E-02 -3.8714E-01
  6.0000E+00  4.9901E-02  5.0181E-01  1.0042E+00  9.9441E-02  2.1122E-01  8.3099E-02 -3.8714E-01
  6.0000E+00  4.9901E-02  5.0181E-01  1.0042E+00  9.9441E-02  2.1122E-01  8.3099E-02 -3.8714E-01
  6.0000E+00  4.9901E-02  5.0181E-01  1.0042E+00  9.9441E-02  2.1122E-01  8.3099E-02 -3.8714E-01
  7.0000E+00  5.0263E-02  5.0360E-01  6.2371E-01  9.9806E-02  2.1845E-01  8.6664E-02 -8.6339E-01
  7.0000E+00  5.0263E-02  5.0360E-01  6.2371E-01  9.9806E-02  2.1845E-01  8.6664E-02 -8.6339E-01
  7.0000E+00  5.0263E-02  5.0360E-01  6.2371E-01  9.9806E-02  2.1845E-01  8.6664E-02 -8.6339E-01
  7.0000E+00  5.0263E-02  5.0360E-01  6.2371E-01  9.9806E-02  2.1845E-01  8.6664E-02 -8.6339E-01
  7.0000E+00  5.0263E-02  5.0360E-01  6.2371E-01  9.9806E-02  2.1845E-01  8.6664E-02 -8.6339E-01
  7.0000E+00  5.0263E-02  5.0360E-01  6.2371E-01  9.9806E-02  2.1845E-01  8.6664E-02 -8.6339E-01
  7.0000E+00  5.0263E-02  5.0360E-01  6.2371E-01  9.9806E-02  2.1845E-01  8.6664E-02 -8.6339E-01
  7.0000E+00  5.0263E-02  5.0360E-01  6.2371E-01  9.9806E-02  2.1845E-01  8.6664E-02 -8.6339E-01
  7.0000E+00  5.0263E-02  5.0360E-01  6.2371E-01  9.9806E-02  2.1845E-01  8.6664E-02 -8.6339E-01
  7.0000E+00  5.0263E-02  5.0360E-01  6.2371E-01  9.9806E-02  2.1845E-01  8.6664E-02 -8.6339E-01
  7.0000E+00  5.0263E-02  5.0360E-01  6.2371E-01  9.9806E-02  2.1845E-01  8.6664E-02 -8.6339E-01
  7.0000E+00  5.0263E-02  5.0360E-01  6.2371E-01  9.9806E-02  2.1845E-01  8.6664E-02 -8.6339E-01
  8.0000E+00  4.5391E-02  5.0555E-01  1.4212E+00  8.9786E-02  1.1651E-01  9.0525E-02 -3.9806E-02
  8.0000E+00  4.5391E-02  5.0555E-01  1.4212E+00  8.9786E-02  1.1651E-01  9.0525E-02 -3.9806E-02
  8.0000E+00  4.5391E-02  5.0555E-01  1.4212E+00  8.9786E-02  1.1651E-01  9.0525E-02 -3.9806E-02
  8.0000E+00  4.5391E-02  5.0555E-01  1.4212E+00  8.9786E-02  1.1651E-01  9.0525E-02 -3.9806E-02
  8.0000E+00  4.5391E-02  5.0555E-01  1.4212E+00  8.9786E-02  1.1651E-01  9.0525E-02 -3.9806E-02
  8.0000E+00  4.5391E-02  5.0555E-01  1.4212E+00  8.9786E-02  1.1651E-01  9.0525E-02 -3.9806E-02
  8.0000E+00  4.5391E-02  5.0555E-01  1.4212E+00  8.9786E-02  1.1651E-01  9.0525E-02 -3.9806E-02
  8.0000E+00  4.5391E-02  5.0555E-01  1.4212E+00  8.9786E-02  1.1651E-01  9.0525E-02 -3.9806E-02
  8.0000E+00  4.5391E-02  5.0555E-01  1.4212E+00  8.9786E-02  1.1651E-01  9.0525E-02 -3.9806E-02
  8.0000E+00  4.5391E-02  5.0555E-01  1.4212E+00  8.9786E-02  1.1651E-01  9.0525E-02 -3.9806E-02
  8.0000E+00  4.5391E-02  5.0555E-01  1.4212E+00  8.9786E-02  1.1651E-01  9.0525E-02 -3.9806E-02
  8.0000E+00  4.5391E-02  5.0555E-01  1.4212E+00  8.9786E-02  1.1651E-01  9.0525E-02 -3.9806E-02
  9.0000E+00  3.2853E-02  3.9074E-01  6.0754E+00  8.4079E-02 -2.0677E-01 -1.6709E-01  1.4129E+00
  9.0000E+00  3.2853E-02  3.9074E-01  6.0754E+00  8.4079E-02 -2.0677E-01 -1.6709E-01  1.4129E+00
  9.0000E+00  3.2853E-02  3.9074E-01  6.0754E+00  8.4079E-02 -2.0677E-01 -1.6709E-01  1.4129E+00
  9.0000E+00  3.2853E-02  3.9074E-01  6.0754E+00  8.4079E-02 -2.0677E-01 -1.6709E-01  1.4129E+00
  9.0000E+00  3.2853E-02  3.9074E-01  6.0754E+00  8.4079E-02 -2.0677E-01 -1.6709E-01  1.4129E+00
  9.0000E+00  3.2853E-02  3.9074E-01  6.0754E+00  8.4079E-02 -2.0677E-01 -1.6709E-01  1.4129E+00
  9.0000E+00  3.2853E-02  3.9074E-01  6.0754E+00  8.4079E-02 -2.0677E-01 -1.6709E-01  1.4129E+00
  9.0000E+00  3.2853E-02  3.9074E-01  6.0754E+00  8.4079E-02 -2.0677E-01 -1.6709E-01  1.4129E+00
  9.0000E+00  3.2853E-02  3.9074E-01  6.0754E+00  8.4079E-02 -2.0677E-01 -1.6709E-01  1.4129E+00
  9.0000E+00  3.2853E-02  3.9074E-01  6.0754E+00  8.4079E-02 -2.0677E-01 -1.6709E-01  1.4129E+00
  9.0000E+00  3.2853E-02  3.9074E-01  6.0754E+00  8.4079E-02 -2.0677E-01 -1.6709E-01  1.4129E+00
  9.0000E+00  3.2853E-02  3.9074E-01  6.0754E+00  8.4079E-02 -2.0677E-01 -1.6709E-01  1.4129E+00
  1.0000E+01  3.3315E-02  4.5658E-01  7.5065E-01  7.2967E-02 -1.9279E-01 -1.1353E-02 -6.7813E-01
  1.0000E+01  3.3315E-02  4.5658E-01  7.5065E-01  7.2967E-02 -1.9279E-01 -1.1353E-02 -6.7813E-01
  1.0000E+01  3.3315E-02  4.5658E-01  7.5065E-01  7.2967E-02 -1.9279E-01 -1.1353E-02 -6.7813E-01
  1.0000E+01  3.3315E-02  4.5658E-01  7.5065E-01  7.2967E-02 -1.9279E-01 -1.1353E-02 -6.7813E-01
  1.0000E+01  3.3315E-02  4.5658E-01  7.5065E-01  7.2967E-02 -1.9279E-01 -1.1353E-02 -6.7813E-01
  1.0000E+01  3.3315E-02  4.5658E-01  7.5065E-01  7.2967E-02 -1.9279E-01 -1.1353E-02 -6.7813E-01
  1.0000E+01  3.3315E-02  4.5658E-01  7.5065E-01  7.2967E-02 -1.9279E-01 -1.1353E-02 -6.7813E-01
  1.0000E+01  3.3315E-02  4.5658E-01  7.5065E-01  7.2967E-02 -1.9279E-01 -1.1353E-02 -6.7813E-01
  1.0000E+01  3.3315E-02  4.5658E-01  7.5065E-01  7.2967E-02 -1.9279E-01 -1.1353E-02 -6.7813E-01
  1.0000E+01  3.3315E-02  4.5658E-01  7.5065E-01  7.2967E-02 -1.9279E-01 -1.1353E-02 -6.7813E-01
  1.0000E+01  3.3315E-02  4.5658E-01  7.5065E-01  7.2967E-02 -1.9279E-01 -1.1353E-02 -6.7813E-01
  1.0000E+01  3.3315E-02  4.5658E-01  7.5065E-01  7.2967E-02 -1.9279E-01 -1.1353E-02 -6.7813E-01
  1.1000E+01  5.6696E-02  5.4164E-01  3.0129E+00  1.0468E-01  3.3890E-01  1.5948E-01  7.1159E-01
  1.1000E+01  5.6696E-02  5.4164E-01  3.0129E+00  1.0468E-01  3.3890E-01  1.5948E-01  7.1159E-01
  1.1000E+01  5.6696E-02  5.4164E-01  3.0129E+00  1.0468E-01  3.3890E-01  1.5948E-01  7.1159E-01
  1.1000E+01  5.6696E-02  5.4164E-01  3.0129E+00  1.0468E-01  3.3890E-01  1.5948E-01  7.1159E-01
  1.1000E+01  5.6696E-02  5.4164E-01  3.0129E+00  1.0468E-01  3.3890E-01  1.5948E-01  7.1159E-01
  1.1000E+01  5.6696E-02  5.4164E-01  3.0129E+00  1.0468E-01  3.3890E-01  1.5948E-01  7.1159E-01
  1.1000E+01  5.6696E-02  5.4164E-01  3.0129E+00  1.0468E-01  3.3890E-01  1.5948E-01  7.1159E-01
  1.1000E+01  5.6696E-02  5.4164E-01  3.0129E+00  1.0468E-01  3.3890E-01  1.5948E-01  7.1159E-01
  1.1000E+01  5.6696E-02  5.4164E-01  3.0129E+00  1.0468E-01  3.3890E-01  1.5948E-01  7.1159E-01
  1.1000E+01  5.6696E-02  5.4164E-01  3.0129E+00  1.0468E-01  3.3890E-01  1.5948E-01  7.1159E-01
  1.1000E+01  5.6696E-02  5.4164E-01  3.0129E+00  1.0468E-01  3.3890E-01  1.5948E-01  7.1159E-01
  1.1000E+01  5.6696E-02  5.4164E-01  3.0129E+00  1.0468E-01  3.3890E-01  1.5948E-01  7.1159E-01
  1.2000E+01  4.2144E-02  4.2322E-01  8.0092E-01  9.9581E-02  4.2291E-02 -8.7239E-02 -6.1331E-01
  1.2000E+01  4.2144E-02  4.2322E-01  8.0092E-01  9.9581E-02  4.2291E-02 -8.7239E-02 -6.1331E-01
  1.2000E+01  4.2144E-02  4.2322E-01  8.0092E-01  9.9581E-02  4.2291E-02 -8.7239E-02 -6.1331E-01
  1.2000E+01  4.2144E-02  4.2322E-01  8.0092E-01  9.9581E-02  4.2291E-02 -8.7239E-02 -6.1331E-01
  1.2000E+01  4.2144E-02  4.2322E-01  8.0092E-01  9.9581E-02  4.2291E-02 -8.7239E-02 -6.1331E-01
  1.2000E+01  4.2144E-02  4.2322E-01  8.0092E-01  9.9581E-02  4.2291E-02 -8.7239E-02 -6.1331E-01
  1.2000E+01  4.2144E-02  4.2322E-01  8.0092E-01  9.9581E-02  4.2291E-02 -8.7239E-02 -6.1331E-01
  1.2000E+01  4.2144E-02  4.2322E-01  8.0092E-01  9.9581E-02  4.2291E-02 -8.7239E-02 -6.1331E-01
  1.2000E+01  4.2144E-02  4.2322E-01  8.0092E-01  9.9581E-02  4.2291E-02 -8.7239E-02 -6.1331E-01
  1.2000E+01  4.2144E-02  4.2322E-01  8.0092E-01  9.9581E-02  4.2291E-02 -8.7239E-02 -6.1331E-01
  1.2000E+01  4.2144E-02  4.2322E-01  8.0092E-01  9.9581E-02  4.2291E-02 -8.7239E-02 -6.1331E-01
  1.2000E+01  4.2144E-02  4.2322E-01  8.0092E-01  9.9581E-02  4.2291E-02 -8.7239E-02 -6.1331E-01
