TABLE NO.  2
 ID          ETA1        ETA2        ETA3
  1.0000E+00 -1.6964E-01 -2.1389E-01 -2.5118E-02
  2.0000E+00  4.9692E-02  1.5564E-02  2.6839E-01
  3.0000E+00  4.0736E-02 -1.3811E-02  3.6728E-01
  4.0000E+00 -3.6126E-02  7.6487E-03 -3.0023E-01
  5.0000E+00 -1.0893E-01 -1.4125E-01  5.5510E-03
  6.0000E+00  1.4964E-01  2.6511E-01 -4.0153E-01
  7.0000E+00  4.7585E-03  1.5389E-01 -8.1907E-01
  8.0000E+00  6.4430E-02  1.1646E-01 -1.8569E-01
  9.0000E+00  1.8417E-01 -1.3709E-02  1.3904E+00
  1.0000E+01 -2.2886E-01 -1.4783E-01 -8.1392E-01
  1.1000E+01  1.7100E-01  6.8488E-02  8.4076E-01
  1.2000E+01 -1.4470E-01 -1.0766E-01 -4.3593E-01
