TABLE NO.  1
 ID          TIME        IPRE        CPRED       CPREDI      CWRES       G11         G21         G31         H11         DV          PRED        RES         WRES
  1.0000E+00  0.0000E+00  0.0000E+00  0.0000E+00  0.0000E+00  1.0713E+00 -0.0000E+00  0.0000E+00  0.0000E+00  1.0000E+00  7.4000E-01  0.0000E+00  7.4000E-01  1.0713E+00
  1.0000E+00  2.5000E-01  3.7567E+00  3.7567E+00  3.1839E+00 -1.3271E+00 -3.7567E+00 -3.5387E-02  3.0743E+00  1.0000E+00  2.8400E+00  3.2245E+00 -3.8450E-01 -1.1334E+00
  1.0000E+00  5.7000E-01  6.7688E+00  6.7688E+00  5.6834E+00 -2.8785E-01 -6.7688E+00 -1.5596E-01  4.1962E+00  1.0000E+00  6.5700E+00  5.7621E+00  8.0788E-01  5.3833E-02
  1.0000E+00  1.1200E+00  9.2504E+00  9.2504E+00  7.6538E+00  1.8090E+00 -9.2504E+00 -4.6485E-01  3.3467E+00  1.0000E+00  1.0500E+01  7.7732E+00  2.7268E+00  2.2694E+00
  1.0000E+00  2.0200E+00  1.0186E+01  1.0186E+01  8.2522E+00 -7.6155E-01 -1.0186E+01 -1.0491E+00  1.2076E+00  1.0000E+00  9.6600E+00  8.4021E+00  1.2579E+00 -2.4255E-01
  1.0000E+00  3.8200E+00  9.4082E+00  9.4082E+00  7.3468E+00 -1.1989E+00 -9.4082E+00 -2.1085E+00 -2.5441E-01  1.0000E+00  8.5800E+00  7.5148E+00  1.0652E+00 -6.5658E-01
  1.0000E+00  5.1000E+00  8.6168E+00  8.6168E+00  6.5611E+00 -3.7181E-01 -8.6168E+00 -2.7076E+00 -3.7771E-01  1.0000E+00  8.3600E+00  6.7354E+00  1.6246E+00  1.7708E-01
  1.0000E+00  7.0300E+00  7.5172E+00  7.5172E+00  5.5056E+00 -6.8394E-02 -7.5172E+00 -3.3907E+00 -3.5872E-01  1.0000E+00  7.4700E+00  5.6891E+00  1.7809E+00  4.8544E-01
  1.0000E+00  9.0500E+00  6.5131E+00  6.5131E+00  4.5727E+00  5.4560E-01 -6.5131E+00 -3.8718E+00 -3.1285E-01  1.0000E+00  6.8900E+00  4.7656E+00  2.1244E+00  1.0989E+00
  1.0000E+00  1.2120E+01  5.2376E+00  5.2376E+00  3.4359E+00  1.0168E+00 -5.2376E+00 -4.2551E+00 -2.5170E-01  1.0000E+00  5.9400E+00  3.6406E+00  2.2994E+00  1.5592E+00
  1.0000E+00  2.4370E+01  2.1950E+00  2.1950E+00  1.0364E+00  1.5708E+00 -2.1950E+00 -3.6922E+00 -1.0548E-01  1.0000E+00  3.2800E+00  1.2433E+00  2.0367E+00  1.9905E+00
  2.0000E+00  0.0000E+00  0.0000E+00  0.0000E+00  0.0000E+00  0.0000E+00 -0.0000E+00  0.0000E+00  0.0000E+00  1.0000E+00  0.0000E+00  0.0000E+00  0.0000E+00  0.0000E+00
  2.0000E+00  2.7000E-01  4.0158E+00  4.0158E+00  3.4114E+00 -3.3236E+00 -4.0158E+00 -5.2493E-02  2.9892E+00  1.0000E+00  1.7200E+00  3.4279E+00 -1.7079E+00 -3.2596E+00
  2.0000E+00  5.2000E-01  6.0915E+00  6.0915E+00  5.4933E+00  2.6325E+00 -6.0915E+00 -1.6466E-01  3.3568E+00  1.0000E+00  7.9100E+00  5.4539E+00  2.4561E+00  2.6289E+00
  2.0000E+00  1.0000E+00  7.8161E+00  7.8161E+00  7.6135E+00  7.1499E-01 -7.8161E+00 -4.5572E-01  2.2235E+00  1.0000E+00  8.3100E+00  7.5006E+00  8.0940E-01  5.7910E-01
  2.0000E+00  1.9200E+00  8.1598E+00  8.1598E+00  8.4836E+00  2.4643E-01 -8.1598E+00 -1.0595E+00  3.6496E-01  1.0000E+00  8.3300E+00  8.4064E+00 -7.6440E-02  9.4624E-02
  2.0000E+00  3.5000E+00  7.2424E+00  7.2424E+00  7.7044E+00 -5.6809E-01 -7.2424E+00 -1.9321E+00 -2.7374E-01  1.0000E+00  6.8500E+00  7.7132E+00 -8.6317E-01 -6.0722E-01
  2.0000E+00  5.0200E+00  6.3327E+00  6.3327E+00  6.7591E+00 -3.6579E-01 -6.3327E+00 -2.5434E+00 -2.7986E-01  1.0000E+00  6.0800E+00  6.7824E+00 -7.0245E-01 -3.7323E-01
  2.0000E+00  7.0300E+00  5.2967E+00  5.2967E+00  5.6668E+00  1.4961E-01 -5.2967E+00 -3.0737E+00 -2.3655E-01  1.0000E+00  5.4000E+00  5.6891E+00 -2.8913E-01  1.4727E-01
  2.0000E+00  9.0000E+00  4.4457E+00  4.4457E+00  4.7669E+00  1.5097E-01 -4.4457E+00 -3.3585E+00 -1.9860E-01  1.0000E+00  4.5500E+00  4.7865E+00 -2.3650E-01  1.4861E-01
  2.0000E+00  1.2000E+01  3.4050E+00  3.4050E+00  3.6633E+00 -5.7177E-01 -3.4050E+00 -3.4804E+00 -1.5211E-01  1.0000E+00  3.0100E+00  3.6791E+00 -6.6914E-01 -5.7438E-01
  2.0000E+00  2.4300E+01  1.1408E+00  1.1408E+00  1.2442E+00 -3.4861E-01 -1.1408E+00 -2.4136E+00 -5.0962E-02  1.0000E+00  9.0000E-01  1.2509E+00 -3.5092E-01 -3.5040E-01
  3.0000E+00  0.0000E+00  0.0000E+00  0.0000E+00  0.0000E+00  0.0000E+00 -0.0000E+00  0.0000E+00  0.0000E+00  1.0000E+00  0.0000E+00  0.0000E+00  0.0000E+00  0.0000E+00
  3.0000E+00  2.7000E-01  4.3641E+00  4.3641E+00  3.3781E+00  5.1903E-02 -4.3641E+00 -5.5887E-02  3.1431E+00  1.0000E+00  4.4000E+00  3.4279E+00  9.7207E-01  4.7664E-01
  3.0000E+00  5.8000E-01  6.8281E+00  6.8281E+00  5.9121E+00  1.0414E-01 -6.8281E+00 -2.0652E-01  3.2222E+00  1.0000E+00  6.9000E+00  5.8205E+00  1.0795E+00  4.3437E-01
  3.0000E+00  1.0200E+00  8.1405E+00  8.1405E+00  7.7599E+00  8.6101E-02 -8.1405E+00 -4.8297E-01  1.9122E+00  1.0000E+00  8.2000E+00  7.5510E+00  6.4899E-01  1.2655E-01
  3.0000E+00  2.0200E+00  8.2438E+00  8.2438E+00  8.5211E+00 -6.4247E-01 -8.2438E+00 -1.1325E+00  1.2116E-01  1.0000E+00  7.8000E+00  8.4021E+00 -6.0206E-01 -8.2681E-01
  3.0000E+00  3.6200E+00  7.2610E+00  7.2610E+00  7.6265E+00  3.4595E-01 -7.2610E+00 -1.9863E+00 -2.6306E-01  1.0000E+00  7.5000E+00  7.6390E+00 -1.3904E-01  2.4712E-01
  3.0000E+00  5.0800E+00  6.4034E+00  6.4034E+00  6.7189E+00 -2.9443E-01 -6.4034E+00 -2.5580E+00 -2.4865E-01  1.0000E+00  6.2000E+00  6.7472E+00 -5.4716E-01 -3.4888E-01
  3.0000E+00  7.0700E+00  5.3929E+00  5.3929E+00  5.6440E+00 -1.3449E-01 -5.3929E+00 -3.0806E+00 -2.1022E-01  1.0000E+00  5.3000E+00  5.6692E+00 -3.6921E-01 -1.6578E-01
  3.0000E+00  9.0000E+00  4.5654E+00  4.5654E+00  4.7658E+00  4.8439E-01 -4.5654E+00 -3.3684E+00 -1.7797E-01  1.0000E+00  4.9000E+00  4.7865E+00  1.1350E-01  4.6624E-01
  3.0000E+00  1.2150E+01  3.4786E+00  3.4786E+00  3.6161E+00  3.2051E-01 -3.4786E+00 -3.5123E+00 -1.3561E-01  1.0000E+00  3.7000E+00  3.6311E+00  6.8944E-02  3.1667E-01
  3.0000E+00  2.4170E+01  1.2327E+00  1.2327E+00  1.2609E+00 -2.6445E-01 -1.2327E+00 -2.5234E+00 -4.8053E-02  1.0000E+00  1.0500E+00  1.2653E+00 -2.1527E-01 -2.5231E-01
  4.0000E+00  0.0000E+00  0.0000E+00  0.0000E+00  0.0000E+00  0.0000E+00 -0.0000E+00  0.0000E+00  0.0000E+00  1.0000E+00  0.0000E+00  0.0000E+00  0.0000E+00  0.0000E+00
  4.0000E+00  3.5000E-01  3.4292E+00  3.4292E+00  4.1339E+00 -2.2282E+00 -3.4292E+00 -5.6457E-02  2.7680E+00  1.0000E+00  1.8900E+00  4.1749E+00 -2.2849E+00 -2.1695E+00
  4.0000E+00  6.0000E-01  5.0778E+00  5.0778E+00  5.9362E+00 -6.9168E-01 -5.0778E+00 -1.4934E-01  3.4795E+00  1.0000E+00  4.6000E+00  5.9341E+00 -1.3341E+00 -7.0228E-01
  4.0000E+00  1.0700E+00  6.9887E+00  6.9887E+00  7.7626E+00  2.3327E+00 -6.9887E+00 -3.9358E-01  3.4252E+00  1.0000E+00  8.6000E+00  7.6681E+00  9.3190E-01  2.1936E+00
  4.0000E+00  2.1300E+00  8.3401E+00  8.3401E+00  8.5247E+00  5.7812E-02 -8.3401E+00 -1.0653E+00  1.6066E+00  1.0000E+00  8.3800E+00  8.3856E+00 -5.6464E-03 -9.7741E-02
  4.0000E+00  3.5000E+00  8.0139E+00  8.0139E+00  7.7650E+00 -6.8599E-01 -8.0139E+00 -1.8862E+00  9.7575E-02  1.0000E+00  7.5400E+00  7.7132E+00 -1.7317E-01 -7.0241E-01
  4.0000E+00  5.0200E+00  7.1341E+00  7.1341E+00  6.7745E+00 -3.6786E-01 -7.1341E+00 -2.6019E+00 -4.0044E-01  1.0000E+00  6.8800E+00  6.7824E+00  9.7553E-02 -3.1478E-01
  4.0000E+00  7.0200E+00  5.9997E+00  5.9997E+00  5.6682E+00 -3.1804E-01 -5.9997E+00 -3.2403E+00 -4.6408E-01  1.0000E+00  5.7800E+00  5.6941E+00  8.5881E-02 -2.5207E-01
  4.0000E+00  9.0200E+00  5.0288E+00  5.0288E+00  4.7536E+00  4.3604E-01 -5.0288E+00 -3.6045E+00 -4.0611E-01  1.0000E+00  5.3300E+00  4.7781E+00  5.5189E-01  4.9616E-01
  4.0000E+00  1.1980E+01  3.8703E+00  3.8703E+00  3.6668E+00  4.6278E-01 -3.8703E+00 -3.7876E+00 -3.1469E-01  1.0000E+00  4.1900E+00  3.6856E+00  5.0440E-01  5.1217E-01
  4.0000E+00  2.4650E+01  1.2615E+00  1.2615E+00  1.2075E+00 -1.6145E-01 -1.2615E+00 -2.6488E+00 -1.0261E-01  1.0000E+00  1.1500E+00  1.2131E+00 -6.3108E-02 -1.4119E-01
  5.0000E+00  0.0000E+00  0.0000E+00  0.0000E+00  0.0000E+00  0.0000E+00 -0.0000E+00  0.0000E+00  0.0000E+00  1.0000E+00  0.0000E+00  0.0000E+00  0.0000E+00  0.0000E+00
  5.0000E+00  3.0000E-01  4.1757E+00  4.1757E+00  3.6939E+00 -3.1207E+00 -4.1757E+00 -5.1377E-02  3.2523E+00  1.0000E+00  2.0200E+00  3.7202E+00 -1.7002E+00 -2.9713E+00
  5.0000E+00  5.2000E-01  6.1271E+00  6.1271E+00  5.4154E+00 -7.1961E-01 -6.1271E+00 -1.3730E-01  3.9173E+00  1.0000E+00  5.6300E+00  5.4539E+00  1.7610E-01 -5.0674E-01
  5.0000E+00  1.0000E+00  8.4489E+00  8.4489E+00  7.4471E+00  4.2722E+00 -8.4489E+00 -4.0070E-01  3.3545E+00  1.0000E+00  1.1400E+01  7.5006E+00  3.8994E+00  4.5528E+00
  5.0000E+00  2.0200E+00  9.5429E+00  9.5429E+00  8.3385E+00 -3.0823E-01 -9.5429E+00 -1.0625E+00  1.0212E+00  1.0000E+00  9.3300E+00  8.4021E+00  9.2794E-01  3.1843E-03
  5.0000E+00  3.5000E+00  8.8965E+00  8.8965E+00  7.6461E+00 -2.2660E-01 -8.8965E+00 -1.9394E+00 -2.0137E-01  1.0000E+00  8.7400E+00  7.7132E+00  1.0268E+00  8.8426E-02
  5.0000E+00  5.0200E+00  7.9581E+00  7.9581E+00  6.7126E+00 -5.7634E-01 -7.9581E+00 -2.6483E+00 -3.6844E-01  1.0000E+00  7.5600E+00  6.7824E+00  7.7755E-01 -2.5947E-01
  5.0000E+00  7.0200E+00  6.8356E+00  6.8356E+00  5.6202E+00  3.6825E-01 -6.8356E+00 -3.3160E+00 -3.4144E-01  1.0000E+00  7.0900E+00  5.6941E+00  1.3959E+00  6.8498E-01
  5.0000E+00  9.1000E+00  5.8332E+00  5.8332E+00  4.6666E+00  9.6762E-02 -5.8332E+00 -3.7549E+00 -2.9282E-01  1.0000E+00  5.9000E+00  4.7447E+00  1.1553E+00  4.0946E-01
  5.0000E+00  1.2000E+01  4.6759E+00  4.6759E+00  3.5961E+00 -4.4282E-01 -4.6759E+00 -4.0439E+00 -2.3479E-01  1.0000E+00  4.3700E+00  3.6791E+00  6.9086E-01 -1.4138E-01
  5.0000E+00  2.4350E+01  1.8233E+00  1.8233E+00  1.1620E+00 -3.6673E-01 -1.8233E+00 -3.2940E+00 -9.1555E-02  1.0000E+00  1.5700E+00  1.2455E+00  3.2455E-01 -1.5031E-01
  6.0000E+00  0.0000E+00  0.0000E+00  0.0000E+00  0.0000E+00  0.0000E+00 -0.0000E+00  0.0000E+00  0.0000E+00  1.0000E+00  0.0000E+00  0.0000E+00  0.0000E+00  0.0000E+00
  6.0000E+00  2.7000E-01  2.1077E+00  2.1077E+00  3.1584E+00 -1.1837E+00 -2.1077E+00 -3.3877E-02  1.8173E+00  1.0000E+00  1.2900E+00  3.4279E+00 -2.1379E+00 -1.3249E+00
  6.0000E+00  5.8000E-01  3.8083E+00  3.8083E+00  5.5098E+00 -1.0543E+00 -3.8083E+00 -1.3764E-01  2.7387E+00  1.0000E+00  3.0800E+00  5.8205E+00 -2.7405E+00 -1.4302E+00
  6.0000E+00  1.1500E+00  5.5961E+00  5.5961E+00  7.6614E+00  1.2217E+00 -5.5961E+00 -4.3311E-01  2.7794E+00  1.0000E+00  6.4400E+00  7.8309E+00 -1.3909E+00  5.5941E-01
  6.0000E+00  2.0300E+00  6.5052E+00  6.5052E+00  8.3842E+00 -2.6808E-01 -6.5052E+00 -9.8276E-01  1.6035E+00  1.0000E+00  6.3200E+00  8.4010E+00 -2.0810E+00 -9.6156E-01
  6.0000E+00  3.5700E+00  6.1669E+00  6.1669E+00  7.6164E+00 -9.2201E-01 -6.1669E+00 -1.8609E+00  7.2088E-02  1.0000E+00  5.5300E+00  7.6700E+00 -2.1400E+00 -1.3961E+00
  6.0000E+00  5.0000E+00  5.3727E+00  5.3727E+00  6.6708E+00 -6.2635E-01 -5.3727E+00 -2.4492E+00 -3.9686E-01  1.0000E+00  4.9400E+00  6.7942E+00 -1.8542E+00 -1.0026E+00
  6.0000E+00  7.0000E+00  4.3073E+00  4.3073E+00  5.5402E+00 -4.1589E-01 -4.3073E+00 -2.9302E+00 -4.7552E-01  1.0000E+00  4.0200E+00  5.7041E+00 -1.6841E+00 -7.5080E-01
  6.0000E+00  9.2200E+00  3.3467E+00  3.3467E+00  4.5169E+00  1.6406E-01 -3.3467E+00 -3.1221E+00 -3.9633E-01  1.0000E+00  3.4600E+00  4.6950E+00 -1.2350E+00 -1.3857E-01
  6.0000E+00  1.2100E+01  2.4092E+00  2.4092E+00  3.4591E+00  5.3679E-01 -2.4092E+00 -3.0394E+00 -2.8865E-01  1.0000E+00  2.7800E+00  3.6470E+00 -8.6701E-01  2.8924E-01
  6.0000E+00  2.3850E+01  6.2988E-01  6.2988E-01  1.1272E+00  4.1999E-01 -6.2988E-01 -1.6396E+00 -7.5548E-02  1.0000E+00  9.2000E-01  1.3013E+00 -3.8128E-01  3.8227E-01
  7.0000E+00  0.0000E+00  0.0000E+00  0.0000E+00  0.0000E+00  2.1715E-01 -0.0000E+00  0.0000E+00  0.0000E+00  1.0000E+00  1.5000E-01  0.0000E+00  1.5000E-01  2.1715E-01
  7.0000E+00  2.5000E-01  1.5714E+00  1.5714E+00  2.7580E+00 -1.0443E+00 -1.5714E+00 -2.0636E-02  1.4373E+00  1.0000E+00  8.5000E-01  3.2245E+00 -2.3745E+00 -9.4248E-01
  7.0000E+00  5.0000E-01  2.8507E+00  2.8507E+00  4.8205E+00 -7.2481E-01 -2.8507E+00 -7.6687E-02  2.3765E+00  1.0000E+00  2.3500E+00  5.3226E+00 -2.9726E+00 -9.6186E-01
  7.0000E+00  1.0200E+00  4.7757E+00  4.7757E+00  7.4937E+00  3.5369E-01 -4.7757E+00 -2.7488E-01  3.2426E+00  1.0000E+00  5.0200E+00  7.5510E+00 -2.5310E+00 -7.0229E-01
  7.0000E+00  2.0200E+00  6.6199E+00  6.6199E+00  9.1161E+00 -5.7712E-02 -6.6199E+00 -8.2003E-01  2.8584E+00  1.0000E+00  6.5800E+00  8.4021E+00 -1.8221E+00 -1.4201E+00
  7.0000E+00  3.4800E+00  7.1151E+00  7.1151E+00  8.4348E+00 -3.6304E-02 -7.1151E+00 -1.6802E+00  1.2552E+00  1.0000E+00  7.0900E+00  7.7255E+00 -6.3547E-01 -5.5740E-01
  7.0000E+00  5.0000E+00  6.6074E+00  6.6074E+00  7.0915E+00  7.6075E-02 -6.6074E+00 -2.4329E+00  9.3821E-02  1.0000E+00  6.6600E+00  6.7942E+00 -1.3424E-01  1.4263E-01
  7.0000E+00  6.9800E+00  5.5922E+00  5.5922E+00  5.6652E+00 -4.9542E-01 -5.5922E+00 -3.1048E+00 -5.3091E-01  1.0000E+00  5.2500E+00  5.7141E+00 -4.6412E-01 -2.1282E-01
  7.0000E+00  9.0000E+00  4.5962E+00  4.5962E+00  4.6214E+00 -2.9856E-01 -4.5962E+00 -3.4716E+00 -6.5411E-01  1.0000E+00  4.3900E+00  4.7865E+00 -3.9650E-01 -2.2131E-02
  7.0000E+00  1.2050E+01  3.3752E+00  3.3752E+00  3.4932E+00  2.2402E-01 -3.3752E+00 -3.5933E+00 -5.5769E-01  1.0000E+00  3.5300E+00  3.6630E+00 -1.3304E-01  4.2453E-01
  7.0000E+00  2.4220E+01  9.7016E-01  9.7016E-01  1.1876E+00  2.6035E-01 -9.7016E-01 -2.2422E+00 -1.6639E-01  1.0000E+00  1.1500E+00  1.2597E+00 -1.0973E-01  3.2077E-01
  8.0000E+00  0.0000E+00  0.0000E+00  0.0000E+00  0.0000E+00  0.0000E+00 -0.0000E+00  0.0000E+00  0.0000E+00  1.0000E+00  0.0000E+00  0.0000E+00  0.0000E+00  0.0000E+00
  8.0000E+00  2.5000E-01  2.5918E+00  2.5918E+00  3.1649E+00  6.6334E-01 -2.5918E+00 -3.3522E-02  2.1854E+00  1.0000E+00  3.0500E+00  3.2245E+00 -1.7450E-01  5.4369E-01
  8.0000E+00  5.2000E-01  4.5083E+00  4.5083E+00  5.3886E+00 -2.1111E+00 -4.5083E+00 -1.2757E-01  3.1224E+00  1.0000E+00  3.0500E+00  5.4539E+00 -2.4039E+00 -2.3247E+00
  8.0000E+00  9.8000E-01  6.3943E+00  6.3943E+00  7.4137E+00  1.3256E+00 -6.3943E+00 -3.6871E-01  3.0617E+00  1.0000E+00  7.3100E+00  7.4480E+00 -1.3805E-01  1.0330E+00
  8.0000E+00  2.0200E+00  7.5660E+00  7.5660E+00  8.4071E+00 -8.7382E-03 -7.5660E+00 -1.0347E+00  1.2560E+00  1.0000E+00  7.5600E+00  8.4021E+00 -8.4206E-01 -2.8640E-01
  8.0000E+00  3.5300E+00  7.0279E+00  7.0279E+00  7.6823E+00 -6.3394E-01 -7.0279E+00 -1.9100E+00 -1.2271E-01  1.0000E+00  6.5900E+00  7.6947E+00 -1.1047E+00 -8.4025E-01
  8.0000E+00  5.0500E+00  6.1200E+00  6.1200E+00  6.7381E+00 -3.4750E-01 -6.1200E+00 -2.5568E+00 -4.0766E-01  1.0000E+00  5.8800E+00  6.7648E+00 -8.8478E-01 -5.3209E-01
  8.0000E+00  7.1500E+00  4.9864E+00  4.9864E+00  5.5974E+00 -3.7120E-01 -4.9864E+00 -3.1096E+00 -3.9393E-01  1.0000E+00  4.7300E+00  5.6296E+00 -8.9959E-01 -5.4890E-01
  8.0000E+00  9.0700E+00  4.1281E+00  4.1281E+00  4.7231E+00  6.3975E-01 -4.1281E+00 -3.3544E+00 -3.3158E-01  1.0000E+00  4.5700E+00  4.7572E+00 -1.8720E-01  4.6975E-01
  8.0000E+00  1.2100E+01  3.0633E+00  3.0633E+00  3.6104E+00 -9.1593E-02 -3.0633E+00 -3.4030E+00 -2.4659E-01  1.0000E+00  3.0000E+00  3.6470E+00 -6.4701E-01 -2.4253E-01
  8.0000E+00  2.4120E+01  9.3796E-01  9.3796E-01  1.2339E+00  4.5172E-01 -9.3796E-01 -2.1521E+00 -7.5511E-02  1.0000E+00  1.2500E+00  1.2708E+00 -2.0830E-02  3.8624E-01
  9.0000E+00  0.0000E+00  0.0000E+00  0.0000E+00  0.0000E+00  0.0000E+00 -0.0000E+00  0.0000E+00  0.0000E+00  1.0000E+00  0.0000E+00  0.0000E+00  0.0000E+00  0.0000E+00
  9.0000E+00  3.0000E-01  6.9369E+00  6.9369E+00  5.0615E+00  6.2695E-01 -6.9369E+00 -1.1588E-01  2.2702E+00  1.0000E+00  7.3700E+00  3.7202E+00  3.6498E+00  2.7874E+00
  9.0000E+00  6.3000E-01  7.7930E+00  7.7930E+00  8.5393E+00  1.7908E+00 -7.7930E+00 -3.2330E-01  4.9742E-01  1.0000E+00  9.0300E+00  6.0969E+00  2.9331E+00  1.5678E+00
  9.0000E+00  1.0500E+00  7.6515E+00  7.6515E+00  9.1075E+00 -7.4053E-01 -7.6515E+00 -5.8618E-01 -3.5406E-02  1.0000E+00  7.1400E+00  7.6228E+00 -4.8276E-01 -2.2891E+00
  9.0000E+00  2.0200E+00  7.0498E+00  7.0498E+00  8.4664E+00 -1.0420E+00 -7.0498E+00 -1.1261E+00 -9.5755E-02  1.0000E+00  6.3300E+00  8.4021E+00 -2.0721E+00 -2.1043E+00
  9.0000E+00  3.5300E+00  6.1930E+00  6.1930E+00  7.4203E+00 -7.7157E-01 -6.1930E+00 -1.7917E+00 -8.4354E-02  1.0000E+00  5.6600E+00  7.6947E+00 -2.0347E+00 -8.8250E-01
  9.0000E+00  5.0200E+00  5.4496E+00  5.4496E+00  6.5144E+00  3.1902E-01 -5.4496E+00 -2.2735E+00 -7.4229E-02  1.0000E+00  5.6700E+00  6.7824E+00 -1.1124E+00  4.5016E-01
  9.0000E+00  7.1700E+00  4.5314E+00  4.5314E+00  5.3986E+00 -4.2189E-01 -4.5314E+00 -2.7266E+00 -6.1722E-02  1.0000E+00  4.2400E+00  5.6197E+00 -1.3797E+00 -1.9575E-01
  9.0000E+00  8.8000E+00  3.9399E+00  3.9399E+00  4.6819E+00  2.4626E-01 -3.9399E+00 -2.9218E+00 -5.3665E-02  1.0000E+00  4.1100E+00  4.8712E+00 -7.6120E-01  5.0589E-01
  9.0000E+00  1.1600E+01  3.0983E+00  3.0983E+00  3.6656E+00  8.9289E-02 -3.0983E+00 -3.0422E+00 -4.2202E-02  1.0000E+00  3.1600E+00  3.8105E+00 -6.5051E-01  3.7661E-01
  9.0000E+00  2.4430E+01  1.0303E+00  1.0303E+00  1.1942E+00  1.2992E-01 -1.0303E+00 -2.1459E+00 -1.4033E-02  1.0000E+00  1.1200E+00  1.2367E+00 -1.1674E-01  3.4880E-01
  1.0000E+01  0.0000E+00  0.0000E+00  0.0000E+00  0.0000E+00  3.4744E-01 -0.0000E+00  0.0000E+00  0.0000E+00  1.0000E+00  2.4000E-01  0.0000E+00  2.4000E-01  3.4744E-01
  1.0000E+01  3.7000E-01  2.8287E+00  2.8287E+00  4.1891E+00  8.8715E-02 -2.8287E+00 -4.1352E-02  2.4756E+00  1.0000E+00  2.8900E+00  4.3459E+00 -1.4559E+00  1.5494E-01
  1.0000E+01  7.7000E-01  5.0761E+00  5.0761E+00  6.9921E+00  2.0828E-01 -5.0761E+00 -1.6059E-01  3.8142E+00  1.0000E+00  5.2200E+00  6.7478E+00 -1.5278E+00 -3.9549E-01
  1.0000E+01  1.0200E+00  6.1456E+00  6.1456E+00  8.0966E+00  3.8275E-01 -6.1456E+00 -2.6367E-01  4.1783E+00  1.0000E+00  6.4100E+00  7.5510E+00 -1.1410E+00 -5.7368E-01
  1.0000E+01  2.0500E+00  8.7048E+00  8.7048E+00  9.6316E+00 -1.2664E+00 -8.7048E+00 -8.2019E-01  3.7462E+00  1.0000E+00  7.8300E+00  8.3987E+00 -5.6870E-01 -2.3483E+00
  1.0000E+01  3.5500E+00  9.5798E+00  9.5798E+00  8.5348E+00  9.1236E-01 -9.5798E+00 -1.7375E+00  1.7387E+00  1.0000E+00  1.0210E+01  7.6823E+00  2.5277E+00  1.0472E+00
  1.0000E+01  5.0500E+00  9.1795E+00  9.1795E+00  6.9553E+00  7.3265E-04 -9.1795E+00 -2.5672E+00  3.2524E-01  1.0000E+00  9.1800E+00  6.7648E+00  2.4152E+00  8.9926E-01
  1.0000E+01  7.0800E+00  8.1164E+00  8.1164E+00  5.3402E+00 -1.3951E-01 -8.1164E+00 -3.4381E+00 -5.0074E-01  1.0000E+00  8.0200E+00  5.6642E+00  2.3558E+00  1.0688E+00
  1.0000E+01  9.3800E+00  6.8760E+00  6.8760E+00  4.1259E+00  3.8218E-01 -6.8760E+00 -4.0852E+00 -7.0787E-01  1.0000E+00  7.1400E+00  4.6296E+00  2.5104E+00  1.5861E+00
  1.0000E+01  1.2100E+01  5.6035E+00  5.6035E+00  3.1335E+00  1.1073E-01 -5.6035E+00 -4.4802E+00 -6.5683E-01  1.0000E+00  5.6800E+00  3.6470E+00  2.0330E+00  1.2058E+00
  1.0000E+01  2.3700E+01  2.3194E+00  2.3194E+00  9.9794E-01  1.4566E-01 -2.3194E+00 -3.9004E+00 -2.8201E-01  1.0000E+00  2.4200E+00  1.3185E+00  1.1015E+00  7.7554E-01
  1.1000E+01  0.0000E+00  0.0000E+00  0.0000E+00  0.0000E+00  0.0000E+00 -0.0000E+00  0.0000E+00  0.0000E+00  1.0000E+00  0.0000E+00  0.0000E+00  0.0000E+00  0.0000E+00
  1.1000E+01  2.5000E-01  4.9857E+00  4.9857E+00  3.2959E+00 -1.8201E-01 -4.9857E+00 -6.6808E-02  3.0235E+00  1.0000E+00  4.8600E+00  3.2245E+00  1.6355E+00  7.8397E-01
  1.1000E+01  5.0000E-01  6.8497E+00  6.8497E+00  6.0802E+00  5.6509E-01 -6.8497E+00 -2.0548E-01  2.3252E+00  1.0000E+00  7.2400E+00  5.3226E+00  1.9174E+00  9.0105E-01
  1.1000E+01  9.8000E-01  7.6146E+00  7.6146E+00  8.4253E+00  5.5786E-01 -7.6146E+00 -5.2043E-01  6.3479E-01  1.0000E+00  8.0000E+00  7.4480E+00  5.5195E-01 -2.4249E-01
  1.1000E+01  1.9800E+00  7.1394E+00  7.1394E+00  8.5640E+00 -4.7687E-01 -7.1394E+00 -1.1359E+00 -1.4330E-01  1.0000E+00  6.8100E+00  8.4051E+00 -1.5951E+00 -1.3180E+00
  1.1000E+01  3.6000E+00  6.1421E+00  6.1421E+00  7.4559E+00 -3.9392E-01 -6.1421E+00 -1.9054E+00 -1.5899E-01  1.0000E+00  5.8700E+00  7.6514E+00 -1.7814E+00 -6.3848E-01
  1.1000E+01  5.0200E+00  5.3794E+00  5.3794E+00  6.5749E+00 -2.3083E-01 -5.3794E+00 -2.3820E+00 -1.3942E-01  1.0000E+00  5.2200E+00  6.7824E+00 -1.5624E+00 -3.3570E-01
  1.1000E+01  7.0300E+00  4.4590E+00  4.4590E+00  5.5022E+00 -1.2959E-02 -4.4590E+00 -2.8112E+00 -1.1556E-01  1.0000E+00  4.4500E+00  5.6891E+00 -1.2391E+00 -6.1737E-02
  1.1000E+01  9.0300E+00  3.6994E+00  3.6994E+00  4.6082E+00 -1.1497E-01 -3.6994E+00 -3.0232E+00 -9.5877E-02  1.0000E+00  3.6200E+00  4.7739E+00 -1.1539E+00 -1.3474E-01
  1.1000E+01  1.2120E+01  2.7723E+00  2.7723E+00  3.5033E+00 -1.1909E-01 -2.7723E+00 -3.0653E+00 -7.1848E-02  1.0000E+00  2.6900E+00  3.6406E+00 -9.5062E-01 -1.0930E-01
  1.1000E+01  2.4080E+01  9.0753E-01  9.0753E-01  1.2102E+00 -6.8802E-02 -9.0753E-01 -2.0169E+00 -2.3520E-02  1.0000E+00  8.6000E-01  1.2753E+00 -4.1530E-01 -2.7746E-02
  1.2000E+01  0.0000E+00  0.0000E+00  0.0000E+00  0.0000E+00  0.0000E+00 -0.0000E+00  0.0000E+00  0.0000E+00  1.0000E+00  0.0000E+00  0.0000E+00  0.0000E+00  0.0000E+00
  1.2000E+01  2.5000E-01  2.5790E+00  2.5790E+00  3.1886E+00 -1.9239E+00 -2.5790E+00 -2.6472E-02  2.2616E+00  1.0000E+00  1.2500E+00  3.2245E+00 -1.9745E+00 -1.5757E+00
  1.2000E+01  5.0000E-01  4.5247E+00  4.5247E+00  5.3650E+00 -8.1742E-01 -4.5247E+00 -9.6387E-02  3.4565E+00  1.0000E+00  3.9600E+00  5.3226E+00 -1.3626E+00 -4.9529E-01
  1.2000E+01  1.0000E+00  7.0599E+00  7.0599E+00  7.7451E+00  1.1003E+00 -7.0599E+00 -3.2221E-01  4.0044E+00  1.0000E+00  7.8200E+00  7.5006E+00  3.1940E-01  1.1155E+00
  1.2000E+01  2.0000E+00  9.0572E+00  9.0572E+00  8.7456E+00  9.5946E-01 -9.0572E+00 -9.2878E-01  2.5408E+00  1.0000E+00  9.7200E+00  8.4038E+00  1.3162E+00  7.8000E-01
  1.2000E+01  3.5200E+00  9.1202E+00  9.1202E+00  7.7904E+00  9.1169E-01 -9.1202E+00 -1.8687E+00  4.6048E-01  1.0000E+00  9.7500E+00  7.7008E+00  2.0492E+00  1.0441E+00
  1.2000E+01  5.0700E+00  8.2996E+00  8.2996E+00  6.6598E+00  3.9141E-01 -8.2996E+00 -2.6589E+00 -3.3372E-01  1.0000E+00  8.5700E+00  6.7530E+00  1.8170E+00  7.1752E-01
  1.2000E+01  7.0700E+00  7.1367E+00  7.1367E+00  5.5037E+00 -7.9145E-01 -7.1367E+00 -3.3952E+00 -5.3159E-01  1.0000E+00  6.5900E+00  5.6692E+00  9.2079E-01 -4.0325E-01
  1.2000E+01  9.0300E+00  6.1193E+00  6.1193E+00  4.6011E+00 -1.3496E-02 -6.1193E+00 -3.8554E+00 -5.0012E-01  1.0000E+00  6.1100E+00  4.7739E+00  1.3361E+00  3.7632E-01
  1.2000E+01  1.2050E+01  4.8213E+00  4.8213E+00  3.5014E+00 -3.6373E-01 -4.8213E+00 -4.1873E+00 -4.0208E-01  1.0000E+00  4.5700E+00  3.6630E+00  9.0696E-01  5.3474E-03
  1.2000E+01  2.4150E+01  1.8535E+00  1.8535E+00  1.1609E+00 -9.8943E-01 -1.8535E+00 -3.3816E+00 -1.5483E-01  1.0000E+00  1.1700E+00  1.2675E+00 -9.7491E-02 -7.4916E-01
