TABLE NO.  1
 ID          TIME        MDV         IPRED       IWRES       CWRES       DV          PRED        RES         WRES
  1.0000E+00  0.0000E+00  1.0000E+00  0.0000E+00  0.0000E+00  0.0000E+00  0.0000E+00  0.0000E+00  0.0000E+00  0.0000E+00
  1.0000E+00  0.0000E+00  0.0000E+00  0.0000E+00  7.4000E+00  7.4000E+00  7.4000E-01  0.0000E+00  7.4000E-01  7.4000E+00
  1.0000E+00  2.5000E-01  0.0000E+00  3.3293E+00 -9.4105E-01 -1.2274E+00  2.8400E+00  2.6321E+00  2.0794E-01 -1.3353E+00
  1.0000E+00  5.7000E-01  0.0000E+00  6.1467E+00  4.4690E-01  3.0354E-01  6.5700E+00  4.7729E+00  1.7971E+00  3.8096E-01
  1.0000E+00  1.1200E+00  0.0000E+00  8.6853E+00  1.3596E+00  1.5400E+00  1.0500E+01  6.5645E+00  3.9355E+00  1.9349E+00
  1.0000E+00  2.0200E+00  0.0000E+00  9.9120E+00 -1.6556E-01  3.6863E-01  9.6600E+00  7.2303E+00  2.4297E+00  3.8354E-01
  1.0000E+00  3.8200E+00  0.0000E+00  9.4666E+00 -6.0972E-01  1.8363E-01  8.5800E+00  6.5489E+00  2.0311E+00  1.5501E-02
  1.0000E+00  5.1000E+00  0.0000E+00  8.7850E+00 -3.1484E-01  5.2911E-01  8.3600E+00  5.8837E+00  2.4763E+00  4.7688E-01
  1.0000E+00  7.0300E+00  0.0000E+00  7.7934E+00 -2.6986E-01  6.0266E-01  7.4700E+00  4.9789E+00  2.4911E+00  5.6575E-01
  1.0000E+00  9.0500E+00  0.0000E+00  6.8676E+00  2.1213E-02  9.0491E-01  6.8900E+00  4.1773E+00  2.7127E+00  1.0447E+00
  1.0000E+00  1.2120E+01  0.0000E+00  5.6659E+00  3.1359E-01  1.1951E+00  5.9400E+00  3.1989E+00  2.7411E+00  1.5948E+00
  1.0000E+00  2.4370E+01  0.0000E+00  2.6299E+00  1.5656E+00  2.2907E+00  3.2800E+00  1.1029E+00  2.1771E+00  4.6670E+00
  2.0000E+00  0.0000E+00  1.0000E+00  0.0000E+00  0.0000E+00  0.0000E+00  0.0000E+00  0.0000E+00  0.0000E+00  0.0000E+00
  2.0000E+00  0.0000E+00  0.0000E+00  0.0000E+00  0.0000E+00  0.0000E+00  0.0000E+00  0.0000E+00  0.0000E+00  0.0000E+00
  2.0000E+00  2.7000E-01  0.0000E+00  4.0582E+00 -3.7120E+00 -2.7356E+00  1.7200E+00  3.0657E+00 -1.3457E+00 -3.4317E+00
  2.0000E+00  5.2000E-01  0.0000E+00  6.0748E+00  1.9601E+00  2.6011E+00  7.9100E+00  4.9342E+00  2.9758E+00  2.7074E+00
  2.0000E+00  1.0000E+00  0.0000E+00  7.6528E+00  5.5835E-01  7.5770E-01  8.3100E+00  6.9079E+00  1.4021E+00  7.1118E-01
  2.0000E+00  1.9200E+00  0.0000E+00  7.8519E+00  3.9598E-01  2.1103E-01  8.3300E+00  7.9062E+00  4.2384E-01  1.8308E-01
  2.0000E+00  3.5000E+00  0.0000E+00  6.9061E+00 -5.2773E-02 -3.7743E-01  6.8500E+00  7.3495E+00 -4.9951E-01 -3.3752E-01
  2.0000E+00  5.0200E+00  0.0000E+00  6.0117E+00  7.3730E-02 -2.8401E-01  6.0800E+00  6.4841E+00 -4.0414E-01 -2.3061E-01
  2.0000E+00  7.0300E+00  0.0000E+00  5.0006E+00  5.1673E-01  1.2798E-01  5.4000E+00  5.4495E+00 -4.9507E-02  1.5120E-01
  2.0000E+00  9.0000E+00  0.0000E+00  4.1748E+00  5.7936E-01  1.6535E-01  4.5500E+00  4.5921E+00 -4.2102E-02  1.8487E-01
  2.0000E+00  1.2000E+01  0.0000E+00  3.1715E+00 -3.2551E-01 -7.6859E-01  3.0100E+00  3.5380E+00 -5.2802E-01 -6.3473E-01
  2.0000E+00  2.4300E+01  0.0000E+00  1.0276E+00 -6.8424E-01 -1.1229E+00  9.0000E-01  1.2146E+00 -3.1458E-01 -9.1390E-01
  3.0000E+00  0.0000E+00  1.0000E+00  0.0000E+00  0.0000E+00  0.0000E+00  0.0000E+00  0.0000E+00  0.0000E+00  0.0000E+00
  3.0000E+00  0.0000E+00  0.0000E+00  0.0000E+00  0.0000E+00  0.0000E+00  0.0000E+00  0.0000E+00  0.0000E+00  0.0000E+00
  3.0000E+00  2.7000E-01  0.0000E+00  4.2036E+00  3.0133E-01  4.6584E-01  4.4000E+00  3.1562E+00  1.2438E+00  6.6399E-01
  3.0000E+00  5.8000E-01  0.0000E+00  6.6602E+00  2.3386E-01  3.9344E-01  6.9000E+00  5.4352E+00  1.4648E+00  4.4212E-01
  3.0000E+00  1.0200E+00  0.0000E+00  8.0340E+00  1.3436E-01  1.7497E-01  8.2000E+00  7.1643E+00  1.0357E+00  1.3095E-01
  3.0000E+00  2.0200E+00  0.0000E+00  8.2123E+00 -3.2657E-01 -4.5487E-01  7.8000E+00  8.1475E+00 -3.4753E-01 -5.1685E-01
  3.0000E+00  3.6200E+00  0.0000E+00  7.2176E+00  2.5430E-01  6.6788E-02  7.5000E+00  7.4971E+00  2.8719E-03  5.1925E-02
  3.0000E+00  5.0800E+00  0.0000E+00  6.3355E+00 -1.3881E-01 -3.4316E-01  6.2000E+00  6.6415E+00 -4.4149E-01 -3.1159E-01
  3.0000E+00  7.0700E+00  0.0000E+00  5.3007E+00 -8.8565E-04 -2.2354E-01  5.3000E+00  5.5911E+00 -2.9106E-01 -1.8922E-01
  3.0000E+00  9.0000E+00  0.0000E+00  4.4588E+00  6.3892E-01  4.0042E-01  4.9000E+00  4.7278E+00  1.7222E-01  3.9097E-01
  3.0000E+00  1.2150E+01  0.0000E+00  3.3621E+00  6.4381E-01  3.8333E-01  3.7000E+00  3.5954E+00  1.0463E-01  3.7127E-01
  3.0000E+00  2.4170E+01  0.0000E+00  1.1449E+00 -4.6990E-01 -7.5796E-01  1.0500E+00  1.2647E+00 -2.1467E-01 -6.5048E-01
  4.0000E+00  0.0000E+00  1.0000E+00  0.0000E+00  0.0000E+00  0.0000E+00  0.0000E+00  0.0000E+00  0.0000E+00  0.0000E+00
  4.0000E+00  0.0000E+00  0.0000E+00  0.0000E+00  0.0000E+00  0.0000E+00  0.0000E+00  0.0000E+00  0.0000E+00  0.0000E+00
  4.0000E+00  3.5000E-01  0.0000E+00  3.1347E+00 -2.5366E+00 -2.6556E+00  1.8900E+00  3.7482E+00 -1.8582E+00 -1.9622E+00
  4.0000E+00  6.0000E-01  0.0000E+00  4.6616E+00 -8.5349E-02 -3.1758E-01  4.6000E+00  5.3867E+00 -7.8673E-01 -2.5223E-01
  4.0000E+00  1.0700E+00  0.0000E+00  6.4618E+00  2.1483E+00  1.8907E+00  8.6000E+00  7.0774E+00  1.5226E+00  1.6405E+00
  4.0000E+00  2.1300E+00  0.0000E+00  7.8081E+00  4.7632E-01  3.2911E-01  8.3800E+00  7.9100E+00  4.7003E-01  3.0099E-01
  4.0000E+00  3.5000E+00  0.0000E+00  7.5845E+00 -3.8167E-02 -9.3999E-02  7.5400E+00  7.3495E+00  1.9049E-01 -1.1404E-01
  4.0000E+00  5.0200E+00  0.0000E+00  6.8101E+00  6.6672E-02  3.3581E-02  6.8800E+00  6.4841E+00  3.9586E-01  2.2982E-02
  4.0000E+00  7.0200E+00  0.0000E+00  5.7816E+00 -1.7920E-03 -4.8279E-02  5.7800E+00  5.4542E+00  3.2576E-01 -5.6729E-02
  4.0000E+00  9.0200E+00  0.0000E+00  4.8896E+00  5.8255E-01  5.1166E-01  5.3300E+00  4.5841E+00  7.4587E-01  5.3066E-01
  4.0000E+00  1.1980E+01  0.0000E+00  3.8130E+00  6.3601E-01  5.2683E-01  4.1900E+00  3.5442E+00  6.4582E-01  5.5262E-01
  4.0000E+00  2.4650E+01  0.0000E+00  1.3146E+00 -7.3191E-01 -9.5166E-01  1.1500E+00  1.1782E+00 -2.8181E-02 -9.6239E-01
  5.0000E+00  0.0000E+00  1.0000E+00  0.0000E+00  0.0000E+00  0.0000E+00  0.0000E+00  0.0000E+00  0.0000E+00  0.0000E+00
  5.0000E+00  0.0000E+00  0.0000E+00  0.0000E+00  0.0000E+00  0.0000E+00  0.0000E+00  0.0000E+00  0.0000E+00  0.0000E+00
  5.0000E+00  3.0000E-01  0.0000E+00  3.7658E+00 -2.9807E+00 -2.9193E+00  2.0200E+00  4.4376E+00 -2.4176E+00 -2.2226E+00
  5.0000E+00  5.2000E-01  0.0000E+00  5.6849E+00 -6.2628E-02 -1.4719E-01  5.6300E+00  6.5715E+00 -9.4148E-01 -1.4914E-01
  5.0000E+00  1.0000E+00  0.0000E+00  8.2392E+00  2.4956E+00  2.3316E+00  1.1400E+01  9.2001E+00  2.1999E+00  1.9649E+00
  5.0000E+00  2.0200E+00  0.0000E+00  9.8755E+00 -3.5967E-01 -4.8486E-01  9.3300E+00  1.0540E+01 -1.2096E+00 -4.6097E-01
  5.0000E+00  3.5000E+00  0.0000E+00  9.3842E+00 -4.4690E-01 -5.2225E-01  8.7400E+00  9.7882E+00 -1.0482E+00 -5.0280E-01
  5.0000E+00  5.0200E+00  0.0000E+00  8.3002E+00 -5.8016E-01 -6.4475E-01  7.5600E+00  8.6357E+00 -1.0757E+00 -6.1449E-01
  5.0000E+00  7.0200E+00  0.0000E+00  6.9511E+00  1.2985E-01  6.2227E-02  7.0900E+00  7.2641E+00 -1.7406E-01  5.8442E-02
  5.0000E+00  9.1000E+00  0.0000E+00  5.7661E+00  1.5052E-01  7.6461E-02  5.9000E+00  6.0629E+00 -1.6292E-01  7.3058E-02
  5.0000E+00  1.2000E+01  0.0000E+00  4.4420E+00 -1.0468E-01 -1.8865E-01  4.3700E+00  4.7120E+00 -3.4200E-01 -1.6820E-01
  5.0000E+00  2.4350E+01  0.0000E+00  1.4622E+00  4.3919E-01  3.0616E-01  1.5700E+00  1.6106E+00 -4.0580E-02  2.8899E-01
  6.0000E+00  0.0000E+00  1.0000E+00  0.0000E+00  0.0000E+00  0.0000E+00  0.0000E+00  0.0000E+00  0.0000E+00  0.0000E+00
  6.0000E+00  0.0000E+00  0.0000E+00  0.0000E+00  0.0000E+00  0.0000E+00  0.0000E+00  0.0000E+00  0.0000E+00  0.0000E+00
  6.0000E+00  2.7000E-01  0.0000E+00  1.7895E+00 -1.7111E+00 -2.1309E+00  1.2900E+00  2.7870E+00 -1.4970E+00 -1.2117E+00
  6.0000E+00  5.8000E-01  0.0000E+00  3.2779E+00 -3.8647E-01 -1.0022E+00  3.0800E+00  4.7993E+00 -1.7193E+00 -6.8508E-01
  6.0000E+00  1.1500E+00  0.0000E+00  4.9288E+00  1.9834E+00  1.3462E+00  6.4400E+00  6.5860E+00 -1.4600E-01  8.8188E-01
  6.0000E+00  2.0300E+00  0.0000E+00  5.9060E+00  4.5463E-01 -3.9278E-02  6.3200E+00  7.1944E+00 -8.7442E-01 -1.0535E-01
  6.0000E+00  3.5700E+00  0.0000E+00  5.8372E+00 -3.4127E-01 -6.3293E-01  5.5300E+00  6.6457E+00 -1.1157E+00 -5.8480E-01
  6.0000E+00  5.0000E+00  0.0000E+00  5.2457E+00 -3.7736E-01 -5.9124E-01  4.9400E+00  5.9048E+00 -9.6478E-01 -5.3774E-01
  6.0000E+00  7.0000E+00  0.0000E+00  4.3700E+00 -5.1685E-01 -7.0373E-01  4.0200E+00  4.9670E+00 -9.4702E-01 -6.2377E-01
  6.0000E+00  9.2200E+00  0.0000E+00  3.5357E+00 -1.3742E-01 -3.2505E-01  3.4600E+00  4.0956E+00 -6.3557E-01 -2.8798E-01
  6.0000E+00  1.2100E+01  0.0000E+00  2.6809E+00  2.3428E-01  4.0641E-02  2.7800E+00  3.1885E+00 -4.0855E-01  2.5314E-02
  6.0000E+00  2.3850E+01  0.0000E+00  8.6595E-01  3.2527E-01  1.3501E-01  9.2000E-01  1.1482E+00 -2.2821E-01  1.4529E-01
  7.0000E+00  0.0000E+00  1.0000E+00  0.0000E+00  0.0000E+00  0.0000E+00  0.0000E+00  0.0000E+00  0.0000E+00  0.0000E+00
  7.0000E+00  0.0000E+00  0.0000E+00  0.0000E+00  1.5000E+00  1.5000E+00  1.5000E-01  0.0000E+00  1.5000E-01  1.5000E+00
  7.0000E+00  2.5000E-01  0.0000E+00  1.3341E+00 -2.1269E+00 -2.6952E+00  8.5000E-01  3.2410E+00 -2.3910E+00 -8.5579E-01
  7.0000E+00  5.0000E-01  0.0000E+00  2.4462E+00 -2.4786E-01 -1.1183E+00  2.3500E+00  5.4127E+00 -3.0627E+00 -6.1443E-01
  7.0000E+00  1.0200E+00  0.0000E+00  4.1841E+00  1.2880E+00  1.9996E-01  5.0200E+00  7.8285E+00 -2.8085E+00 -3.5256E-01
  7.0000E+00  2.0200E+00  0.0000E+00  6.0048E+00  6.2139E-01 -3.8155E-01  6.5800E+00  8.9029E+00 -2.3229E+00 -7.0196E-01
  7.0000E+00  3.4800E+00  0.0000E+00  6.7140E+00  3.6376E-01 -2.9738E-01  7.0900E+00  8.2808E+00 -1.1908E+00 -3.8693E-01
  7.0000E+00  5.0000E+00  0.0000E+00  6.4234E+00  2.3912E-01 -1.3871E-01  6.6600E+00  7.3072E+00 -6.4716E-01 -7.6442E-02
  7.0000E+00  6.9800E+00  0.0000E+00  5.5856E+00 -3.8940E-01 -5.6677E-01  5.2500E+00  6.1574E+00 -9.0737E-01 -3.8024E-01
  7.0000E+00  9.0000E+00  0.0000E+00  4.6825E+00 -4.0366E-01 -5.0330E-01  4.3900E+00  5.1661E+00 -7.7611E-01 -3.0155E-01
  7.0000E+00  1.2050E+01  0.0000E+00  3.5198E+00  1.8647E-02 -6.6003E-02  3.5300E+00  3.9630E+00 -4.3301E-01  1.0437E-01
  7.0000E+00  2.4220E+01  0.0000E+00  1.0960E+00  2.7602E-01  1.0959E-01  1.1500E+00  1.3759E+00 -2.2593E-01  3.0331E-01
  8.0000E+00  0.0000E+00  1.0000E+00  0.0000E+00  0.0000E+00  0.0000E+00  0.0000E+00  0.0000E+00  0.0000E+00  0.0000E+00
  8.0000E+00  0.0000E+00  0.0000E+00  0.0000E+00  0.0000E+00  0.0000E+00  0.0000E+00  0.0000E+00  0.0000E+00  0.0000E+00
  8.0000E+00  2.5000E-01  0.0000E+00  2.6650E+00  9.1568E-01  1.1190E+00  3.0500E+00  2.9660E+00  8.4021E-02  8.7593E-01
  8.0000E+00  5.2000E-01  0.0000E+00  4.6070E+00 -2.1836E+00 -2.0518E+00  3.0500E+00  5.0800E+00 -2.0300E+00 -1.7099E+00
  8.0000E+00  9.8000E-01  0.0000E+00  6.4809E+00  8.3063E-01  8.7588E-01  7.3100E+00  7.0577E+00  2.5231E-01  7.4163E-01
  8.0000E+00  2.0200E+00  0.0000E+00  7.5965E+00 -3.1226E-02 -7.5562E-02  7.5600E+00  8.1475E+00 -5.8753E-01 -8.8029E-02
  8.0000E+00  3.5300E+00  0.0000E+00  7.0600E+00 -4.3257E-01 -5.1653E-01  6.5900E+00  7.5494E+00 -9.5936E-01 -4.8952E-01
  8.0000E+00  5.0500E+00  0.0000E+00  6.1937E+00 -3.2863E-01 -4.2030E-01  5.8800E+00  6.6586E+00 -7.7859E-01 -3.9496E-01
  8.0000E+00  7.1500E+00  0.0000E+00  5.1118E+00 -4.8349E-01 -5.7291E-01  4.7300E+00  5.5523E+00 -8.2235E-01 -5.2804E-01
  8.0000E+00  9.0700E+00  0.0000E+00  4.2840E+00  4.3069E-01  3.4630E-01  4.5700E+00  4.6991E+00 -1.2910E-01  3.0000E-01
  8.0000E+00  1.2100E+01  0.0000E+00  3.2412E+00 -4.7603E-01 -5.5192E-01  3.0000E+00  3.6110E+00 -6.1103E-01 -4.9212E-01
  8.0000E+00  2.4120E+01  0.0000E+00  1.0718E+00  9.2669E-01  8.5978E-01  1.2500E+00  1.2702E+00 -2.0181E-02  7.3636E-01
  9.0000E+00  0.0000E+00  1.0000E+00  0.0000E+00  0.0000E+00  0.0000E+00  0.0000E+00  0.0000E+00  0.0000E+00  0.0000E+00
  9.0000E+00  0.0000E+00  0.0000E+00  0.0000E+00  0.0000E+00  0.0000E+00  0.0000E+00  0.0000E+00  0.0000E+00  0.0000E+00
  9.0000E+00  3.0000E-01  0.0000E+00  6.4053E+00  9.7774E-01  2.2173E+00  7.3700E+00  2.3475E+00  5.0225E+00  4.5586E+00
  9.0000E+00  6.3000E-01  0.0000E+00  7.2395E+00  1.6074E+00  1.9932E+00  9.0300E+00  3.9041E+00  5.1259E+00  2.1465E+00
  9.0000E+00  1.0500E+00  0.0000E+00  7.1378E+00  2.0105E-03  1.2994E-01  7.1400E+00  4.9539E+00  2.1861E+00 -1.3193E+00
  9.0000E+00  2.0200E+00  0.0000E+00  6.6268E+00 -2.9083E-01 -2.0773E-01  6.3300E+00  5.5756E+00  7.5443E-01 -1.0019E+00
  9.0000E+00  3.5300E+00  0.0000E+00  5.8897E+00 -2.5297E-01 -1.8765E-01  5.6600E+00  5.1662E+00  4.9377E-01 -8.9562E-02
  9.0000E+00  5.0200E+00  0.0000E+00  5.2428E+00  5.2763E-01  5.7441E-01  5.6700E+00  4.5684E+00  1.1016E+00  1.0219E+00
  9.0000E+00  7.1700E+00  0.0000E+00  4.4325E+00 -2.8040E-01 -2.6143E-01  4.2400E+00  3.7930E+00  4.4698E-01  1.6523E-01
  9.0000E+00  8.8000E+00  0.0000E+00  3.9028E+00  3.4176E-01  3.3940E-01  4.1100E+00  3.2921E+00  8.1792E-01  8.9050E-01
  9.0000E+00  1.1600E+01  0.0000E+00  3.1363E+00  4.8316E-02  1.0168E-02  3.1600E+00  2.5809E+00  5.7911E-01  5.5864E-01
  9.0000E+00  2.4430E+01  0.0000E+00  1.1516E+00 -1.5587E-01 -3.0904E-01  1.1200E+00  8.4611E-01  2.7389E-01  2.8355E-01
  1.0000E+01  0.0000E+00  1.0000E+00  0.0000E+00  0.0000E+00  0.0000E+00  0.0000E+00  0.0000E+00  0.0000E+00  0.0000E+00
  1.0000E+01  0.0000E+00  0.0000E+00  0.0000E+00  2.4000E+00  2.4000E+00  2.4000E-01  0.0000E+00  2.4000E-01  2.4000E+00
  1.0000E+01  3.7000E-01  0.0000E+00  2.8344E+00  1.2482E-01 -3.2571E-01  2.8900E+00  4.8818E+00 -1.9918E+00 -1.1010E-01
  1.0000E+01  7.7000E-01  0.0000E+00  5.0869E+00  1.6940E-01 -3.8091E-01  5.2200E+00  7.7075E+00 -2.4875E+00 -4.8781E-01
  1.0000E+01  1.0200E+00  0.0000E+00  6.1587E+00  2.6473E-01 -2.8665E-01  6.4100E+00  8.6984E+00 -2.2884E+00 -5.2838E-01
  1.0000E+01  2.0500E+00  0.0000E+00  8.7207E+00 -6.6461E-01 -1.0307E+00  7.8300E+00  9.8923E+00 -2.0623E+00 -1.2171E+00
  1.0000E+01  3.5500E+00  0.0000E+00  9.5831E+00  4.2590E-01  3.9370E-01  1.0210E+01  9.1518E+00  1.0582E+00  3.1575E-01
  1.0000E+01  5.0500E+00  0.0000E+00  9.1607E+00  1.3746E-02  1.9673E-01  9.1800E+00  8.0844E+00  1.0956E+00  2.5687E-01
  1.0000E+01  7.0800E+00  0.0000E+00  8.0661E+00 -3.7205E-02  2.7644E-01  8.0200E+00  6.7824E+00  1.2376E+00  4.1500E-01
  1.0000E+01  9.3800E+00  0.0000E+00  6.7971E+00  3.2766E-01  6.7688E-01  7.1400E+00  5.5536E+00  1.5864E+00  9.1971E-01
  1.0000E+01  1.2100E+01  0.0000E+00  5.5027E+00  2.0878E-01  5.4391E-01  5.6800E+00  4.3843E+00  1.2957E+00  7.9186E-01
  1.0000E+01  2.3700E+01  0.0000E+00  2.2131E+00  5.8507E-01  7.4337E-01  2.4200E+00  1.5995E+00  8.2050E-01  1.1924E+00
  1.1000E+01  0.0000E+00  1.0000E+00  0.0000E+00  0.0000E+00  0.0000E+00  0.0000E+00  0.0000E+00  0.0000E+00  0.0000E+00
  1.1000E+01  0.0000E+00  0.0000E+00  0.0000E+00  0.0000E+00  0.0000E+00  0.0000E+00  0.0000E+00  0.0000E+00  0.0000E+00
  1.1000E+01  2.5000E-01  0.0000E+00  4.6419E+00  3.0361E-01  6.3953E-01  4.8600E+00  3.2213E+00  1.6387E+00  1.1169E+00
  1.1000E+01  5.0000E-01  0.0000E+00  6.7662E+00  4.5483E-01  6.6379E-01  7.2400E+00  5.3799E+00  1.8601E+00  8.2403E-01
  1.1000E+01  9.8000E-01  0.0000E+00  7.9895E+00  8.5282E-03 -1.3185E-01  8.0000E+00  7.6653E+00  3.3470E-01 -2.4816E-01
  1.1000E+01  1.9800E+00  0.0000E+00  7.6586E+00 -7.2040E-01 -1.1183E+00  6.8100E+00  8.8471E+00 -2.0371E+00 -1.1664E+00
  1.1000E+01  3.6000E+00  0.0000E+00  6.4885E+00 -6.1889E-01 -1.0574E+00  5.8700E+00  8.1552E+00 -2.2852E+00 -9.4815E-01
  1.1000E+01  5.0200E+00  0.0000E+00  5.5921E+00 -4.3132E-01 -8.7217E-01  5.2200E+00  7.2505E+00 -2.0305E+00 -7.4205E-01
  1.1000E+01  7.0300E+00  0.0000E+00  4.5307E+00 -1.1498E-01 -5.4833E-01  4.4500E+00  6.0935E+00 -1.6435E+00 -4.6947E-01
  1.1000E+01  9.0300E+00  0.0000E+00  3.6745E+00 -9.5302E-02 -5.1276E-01  3.6200E+00  5.1214E+00 -1.5014E+00 -4.2454E-01
  1.1000E+01  1.2120E+01  0.0000E+00  2.6587E+00  7.4719E-02 -3.0918E-01  2.6900E+00  3.9151E+00 -1.2251E+00 -2.4836E-01
  1.1000E+01  2.4080E+01  0.0000E+00  7.5981E-01  6.5275E-01  4.0284E-01  8.6000E-01  1.3843E+00 -5.2434E-01  4.2491E-01
  1.2000E+01  0.0000E+00  1.0000E+00  0.0000E+00  0.0000E+00  0.0000E+00  0.0000E+00  0.0000E+00  0.0000E+00  0.0000E+00
  1.2000E+01  0.0000E+00  0.0000E+00  0.0000E+00  0.0000E+00  0.0000E+00  0.0000E+00  0.0000E+00  0.0000E+00  0.0000E+00
  1.2000E+01  2.5000E-01  0.0000E+00  2.2499E+00 -2.7853E+00 -3.1285E+00  1.2500E+00  3.4701E+00 -2.2201E+00 -1.6639E+00
  1.2000E+01  5.0000E-01  0.0000E+00  3.9939E+00 -5.4721E-02 -6.4919E-01  3.9600E+00  5.7954E+00 -1.8354E+00 -3.8789E-01
  1.2000E+01  1.0000E+00  0.0000E+00  6.3586E+00  1.4920E+00  7.9518E-01  7.8200E+00  8.3209E+00 -5.0088E-01  5.0733E-01
  1.2000E+01  2.0000E+00  0.0000E+00  8.3892E+00  1.0320E+00  4.9881E-01  9.7200E+00  9.5317E+00  1.8832E-01  3.5170E-01
  1.2000E+01  3.5200E+00  0.0000E+00  8.6031E+00  8.6743E-01  5.8097E-01  9.7500E+00  8.8393E+00  9.1066E-01  5.2421E-01
  1.2000E+01  5.0700E+00  0.0000E+00  7.8329E+00  6.1193E-01  4.2940E-01  8.5700E+00  7.7771E+00  7.9294E-01  4.1754E-01
  1.2000E+01  7.0700E+00  0.0000E+00  6.6629E+00 -7.1029E-02 -2.3459E-01  6.5900E+00  6.5414E+00  4.8584E-02 -2.3252E-01
  1.2000E+01  9.0300E+00  0.0000E+00  5.6296E+00  5.5313E-01  3.6716E-01  6.1100E+00  5.5170E+00  5.9301E-01  3.7367E-01
  1.2000E+01  1.2050E+01  0.0000E+00  4.3286E+00  3.5984E-01  1.2773E-01  4.5700E+00  4.2432E+00  3.2677E-01  1.3956E-01
  1.2000E+01  2.4150E+01  0.0000E+00  1.5071E+00 -1.3394E+00 -1.6555E+00  1.1700E+00  1.4822E+00 -3.1221E-01 -1.5796E+00
