TABLE NO.  2
 ID          ETA1        ETA2        ETA3
  1.0000E+00 -1.9253E-01 -2.7935E-01 -1.0466E-01
  2.0000E+00  5.6338E-02  4.4078E-02  3.2904E-01
  3.0000E+00  4.3915E-02 -1.2888E-02  4.1111E-01
  4.0000E+00 -4.2055E-02  1.5649E-02 -3.4415E-01
  5.0000E+00 -1.0880E-01 -9.5722E-02 -3.0277E-02
  6.0000E+00  1.3800E-01  2.3281E-01 -4.7108E-01
  7.0000E+00  2.9441E-03  1.4644E-01 -8.5821E-01
  8.0000E+00  7.0837E-02  7.9239E-02 -6.8244E-02
  9.0000E+00  1.7745E-01 -1.2548E-02  1.3349E+00
  1.0000E+01 -2.1450E-01 -1.4919E-01 -7.1314E-01
  1.1000E+01  1.7634E-01  7.7834E-02  8.6558E-01
  1.2000E+01 -1.3468E-01 -2.9227E-02 -4.9612E-01
