TABLE NO.  1
 ID          TIME        IPRED       CPRED       CPREDI      CWRES       G11         G21         G31         H11         H21         DV          PRED        RES         WRES
  1.0000E+00  0.0000E+00  0.0000E+00  0.0000E+00  0.0000E+00  2.5708E+00 -0.0000E+00  0.0000E+00  0.0000E+00  0.0000E+00  1.0000E+00  7.4000E-01  0.0000E+00  7.4000E-01  2.5708E+00
  1.0000E+00  2.5000E-01  3.3795E+00  3.0181E+00  3.0181E+00 -1.0865E+00 -3.3795E+00 -2.9367E-02  2.8424E+00  3.3795E+00  1.0000E+00  2.8400E+00  3.0330E+00 -1.9303E-01 -1.1233E+00
  1.0000E+00  5.7000E-01  6.2604E+00  5.4529E+00  5.4529E+00  3.9659E-01 -6.2604E+00 -1.3194E-01  4.1529E+00  6.2604E+00  1.0000E+00  6.5700E+00  5.4885E+00  1.0815E+00  4.1270E-01
  1.0000E+00  1.1200E+00  8.8829E+00  7.4517E+00  7.4517E+00  1.5852E+00 -8.8829E+00 -4.0409E-01  3.7441E+00  8.8829E+00  1.0000E+00  1.0500E+01  7.5273E+00  2.9727E+00  1.8057E+00
  1.0000E+00  2.0200E+00  1.0170E+01  8.1307E+00  8.1307E+00  6.2572E-02 -1.0170E+01 -9.4155E-01  1.7386E+00  1.0170E+01  1.0000E+00  9.6600E+00  8.2666E+00  1.3934E+00  4.4072E-02
  1.0000E+00  3.8200E+00  9.6973E+00  7.2695E+00  7.2695E+00 -2.5346E-01 -9.6973E+00 -1.9627E+00 -1.1939E-01  9.6973E+00  1.0000E+00  8.5800E+00  7.4702E+00  1.1098E+00 -3.8443E-01
  1.0000E+00  5.1000E+00  8.9667E+00  6.4863E+00  6.4863E+00  1.5129E-01 -8.9667E+00 -2.5596E+00 -3.7220E-01  8.9667E+00  1.0000E+00  8.3600E+00  6.7068E+00  1.6532E+00  1.1296E-01
  1.0000E+00  7.0300E+00  7.9048E+00  5.4304E+00  5.4304E+00  2.8969E-01 -7.9048E+00 -3.2601E+00 -3.9932E-01  7.9048E+00  1.0000E+00  7.4700E+00  5.6711E+00  1.7989E+00  2.8650E-01
  1.0000E+00  9.0500E+00  6.9188E+00  4.4946E+00  4.4946E+00  6.9176E-01 -6.9188E+00 -3.7757E+00 -3.5697E-01  6.9188E+00  1.0000E+00  6.8900E+00  4.7546E+00  2.1354E+00  8.3666E-01
  1.0000E+00  1.2120E+01  5.6497E+00  3.3502E+00  3.3502E+00  1.1078E+00 -5.6497E+00 -4.2280E+00 -2.9213E-01  5.6497E+00  1.0000E+00  5.9400E+00  3.6369E+00  2.3031E+00  1.4603E+00
  1.0000E+00  2.4370E+01  2.5167E+00  9.2386E-01  9.2386E-01  2.3870E+00 -2.5167E+00 -3.9185E+00 -1.3014E-01  2.5167E+00  1.0000E+00  3.2800E+00  1.2484E+00  2.0316E+00  3.3435E+00
  2.0000E+00  0.0000E+00  0.0000E+00  0.0000E+00  0.0000E+00  0.0000E+00 -0.0000E+00  0.0000E+00  0.0000E+00  0.0000E+00  1.0000E+00  0.0000E+00  0.0000E+00  0.0000E+00  0.0000E+00
  2.0000E+00  2.7000E-01  3.9403E+00  3.1985E+00  3.1985E+00 -3.0549E+00 -3.9403E+00 -5.2828E-02  2.9361E+00  3.9403E+00  1.0000E+00  1.7200E+00  3.2271E+00 -1.5071E+00 -3.5502E+00
  2.0000E+00  5.2000E-01  5.9789E+00  5.2366E+00  5.2366E+00  2.8196E+00 -5.9789E+00 -1.6572E-01  3.3018E+00  5.9789E+00  1.0000E+00  7.9100E+00  5.1855E+00  2.7245E+00  2.8239E+00
  2.0000E+00  1.0000E+00  7.6727E+00  7.4040E+00  7.4040E+00  7.6935E-01 -7.6727E+00 -4.5855E-01  2.1917E+00  7.6727E+00  1.0000E+00  8.3100E+00  7.2409E+00  1.0691E+00  6.8716E-01
  2.0000E+00  1.9200E+00  8.0021E+00  8.3820E+00  8.3820E+00  1.3906E-01 -8.0021E+00 -1.0649E+00  3.5803E-01  8.0021E+00  1.0000E+00  8.3300E+00  8.2607E+00  6.9318E-02  1.2163E-01
  2.0000E+00  3.5000E+00  7.0792E+00  7.6542E+00  7.6542E+00 -5.2023E-01 -7.0792E+00 -1.9363E+00 -2.7590E-01  7.0792E+00  1.0000E+00  6.8500E+00  7.6612E+00 -8.1121E-01 -4.3045E-01
  2.0000E+00  5.0200E+00  6.1684E+00  6.7204E+00  6.7204E+00 -4.0231E-01 -6.1684E+00 -2.5407E+00 -2.8105E-01  6.1684E+00  1.0000E+00  6.0800E+00  6.7531E+00 -6.7313E-01 -3.0454E-01
  2.0000E+00  7.0300E+00  5.1353E+00  5.6371E+00  5.6371E+00  5.9930E-02 -5.1353E+00 -3.0566E+00 -2.3648E-01  5.1353E+00  1.0000E+00  5.4000E+00  5.6711E+00 -2.7108E-01  1.1167E-01
  2.0000E+00  9.0000E+00  4.2906E+00  4.7439E+00  4.7439E+00  1.1238E-01 -4.2906E+00 -3.3249E+00 -1.9764E-01  4.2906E+00  1.0000E+00  4.5500E+00  4.7754E+00 -2.2537E-01  1.5145E-01
  2.0000E+00  1.2000E+01  3.2634E+00  3.6475E+00  3.6475E+00 -7.7515E-01 -3.2634E+00 -3.4220E+00 -1.5032E-01  3.2634E+00  1.0000E+00  3.0100E+00  3.6752E+00 -6.6522E-01 -6.5578E-01
  2.0000E+00  2.4300E+01  1.0626E+00  1.2403E+00  1.2403E+00 -6.5183E-01 -1.0626E+00 -2.3066E+00 -4.8949E-02  1.0626E+00  1.0000E+00  9.0000E-01  1.2561E+00 -3.5606E-01 -6.0973E-01
  3.0000E+00  0.0000E+00  0.0000E+00  0.0000E+00  0.0000E+00  0.0000E+00 -0.0000E+00  0.0000E+00  0.0000E+00  0.0000E+00  1.0000E+00  0.0000E+00  0.0000E+00  0.0000E+00  0.0000E+00
  3.0000E+00  2.7000E-01  4.2410E+00  3.1611E+00  3.1611E+00  4.7569E-01 -4.2410E+00 -5.4109E-02  3.0781E+00  4.2410E+00  1.0000E+00  4.4000E+00  3.2271E+00  1.1729E+00  6.5125E-01
  3.0000E+00  5.8000E-01  6.6728E+00  5.6444E+00  5.6444E+00  4.4815E-01 -6.6728E+00 -2.0073E-01  3.2079E+00  6.6728E+00  1.0000E+00  6.9000E+00  5.5461E+00  1.3539E+00  4.7441E-01
  3.0000E+00  1.0200E+00  7.9987E+00  7.5411E+00  7.5411E+00  2.4655E-01 -7.9987E+00 -4.7134E-01  1.9525E+00  7.9987E+00  1.0000E+00  8.2000E+00  7.2934E+00  9.0659E-01  1.7106E-01
  3.0000E+00  2.0200E+00  8.1422E+00  8.4237E+00  8.4237E+00 -4.2727E-01 -8.1422E+00 -1.1110E+00  1.5024E-01  8.1422E+00  1.0000E+00  7.8000E+00  8.2666E+00 -4.6659E-01 -4.9973E-01
  3.0000E+00  3.6200E+00  7.1818E+00  7.5800E+00  7.5800E+00  1.6816E-01 -7.1818E+00 -1.9550E+00 -2.6287E-01  7.1818E+00  1.0000E+00  7.5000E+00  7.5901E+00 -9.0090E-02  1.5503E-01
  3.0000E+00  5.0800E+00  6.3352E+00  6.6842E+00  6.6842E+00 -3.1054E-01 -6.3352E+00 -2.5208E+00 -2.5120E-01  6.3352E+00  1.0000E+00  6.2000E+00  6.7183E+00 -5.1833E-01 -2.6244E-01
  3.0000E+00  7.0700E+00  5.3370E+00  5.6196E+00  5.6196E+00 -2.0365E-01 -5.3370E+00 -3.0387E+00 -2.1264E-01  5.3370E+00  1.0000E+00  5.3000E+00  5.6513E+00 -3.5133E-01 -1.5368E-01
  3.0000E+00  9.0000E+00  4.5193E+00  4.7489E+00  4.7489E+00  4.2599E-01 -4.5193E+00 -3.3247E+00 -1.8007E-01  4.5193E+00  1.0000E+00  4.9000E+00  4.7754E+00  1.2463E-01  4.3604E-01
  3.0000E+00  1.2150E+01  3.4450E+00  3.6080E+00  3.6080E+00  3.2433E-01 -3.4450E+00 -3.4695E+00 -1.3727E-01  3.4450E+00  1.0000E+00  3.7000E+00  3.6274E+00  7.2583E-02  3.4183E-01
  3.0000E+00  2.4170E+01  1.2228E+00  1.2644E+00  1.2644E+00 -6.4415E-01 -1.2228E+00 -2.4981E+00 -4.8724E-02  1.2228E+00  1.0000E+00  1.0500E+00  1.2704E+00 -2.2040E-01 -6.0440E-01
  4.0000E+00  0.0000E+00  0.0000E+00  0.0000E+00  0.0000E+00  0.0000E+00 -0.0000E+00  0.0000E+00  0.0000E+00  0.0000E+00  1.0000E+00  0.0000E+00  0.0000E+00  0.0000E+00  0.0000E+00
  4.0000E+00  3.5000E-01  3.1281E+00  3.8860E+00  3.8860E+00 -2.7065E+00 -3.1281E+00 -5.1271E-02  2.5822E+00  3.1281E+00  1.0000E+00  1.8900E+00  3.9434E+00 -2.0534E+00 -2.0288E+00
  4.0000E+00  6.0000E-01  4.6902E+00  5.6468E+00  5.6468E+00 -4.4986E-01 -4.6902E+00 -1.3677E-01  3.3466E+00  4.6902E+00  1.0000E+00  4.6000E+00  5.6583E+00 -1.0583E+00 -3.1977E-01
  4.0000E+00  1.0700E+00  6.5871E+00  7.5185E+00  7.5185E+00  1.9045E+00 -6.5871E+00 -3.6546E-01  3.4949E+00  6.5871E+00  1.0000E+00  8.6000E+00  7.4162E+00  1.1838E+00  1.6615E+00
  4.0000E+00  2.1300E+00  8.1132E+00  8.4481E+00  8.4481E+00  1.0406E-01 -8.1132E+00 -1.0124E+00  1.9186E+00  8.1132E+00  1.0000E+00  8.3800E+00  8.2607E+00  1.1933E-01  5.4503E-02
  4.0000E+00  3.5000E+00  7.9545E+00  7.7517E+00  7.7517E+00 -3.7404E-01 -7.9545E+00 -1.8262E+00  2.9978E-01  7.9545E+00  1.0000E+00  7.5400E+00  7.6612E+00 -1.2121E-01 -4.1738E-01
  4.0000E+00  5.0200E+00  7.1388E+00  6.7552E+00  6.7552E+00 -2.0850E-01 -7.1388E+00 -2.5484E+00 -3.5790E-01  7.1388E+00  1.0000E+00  6.8800E+00  6.7531E+00  1.2687E-01 -2.3351E-01
  4.0000E+00  7.0200E+00  6.0187E+00  5.6432E+00  5.6432E+00 -2.4030E-01 -6.0187E+00 -3.1991E+00 -5.0127E-01  6.0187E+00  1.0000E+00  5.7800E+00  5.6760E+00  1.0397E-01 -2.5241E-01
  4.0000E+00  9.0200E+00  5.0456E+00  4.7329E+00  4.7329E+00  4.1177E-01 -5.0456E+00 -3.5737E+00 -4.5438E-01  5.0456E+00  1.0000E+00  5.3300E+00  4.7670E+00  5.6296E-01  4.2606E-01
  4.0000E+00  1.1980E+01  3.8815E+00  3.6550E+00  3.6550E+00  5.0599E-01 -3.8815E+00 -3.7674E+00 -3.5507E-01  3.8815E+00  1.0000E+00  4.1900E+00  3.6816E+00  5.0835E-01  5.2592E-01
  4.0000E+00  2.4650E+01  1.2622E+00  1.2107E+00  1.2107E+00 -4.1046E-01 -1.2622E+00 -2.6430E+00 -1.1561E-01  1.2622E+00  1.0000E+00  1.1500E+00  1.2183E+00 -6.8270E-02 -3.8846E-01
  5.0000E+00  0.0000E+00  0.0000E+00  0.0000E+00  0.0000E+00  0.0000E+00 -0.0000E+00  0.0000E+00  0.0000E+00  0.0000E+00  1.0000E+00  0.0000E+00  0.0000E+00  0.0000E+00  0.0000E+00
  5.0000E+00  3.0000E-01  3.8217E+00  3.4936E+00  3.4936E+00 -2.8424E+00 -3.8217E+00 -4.8569E-02  3.0491E+00  3.8217E+00  1.0000E+00  2.0200E+00  3.5067E+00 -1.4867E+00 -2.8713E+00
  5.0000E+00  5.2000E-01  5.6796E+00  5.1641E+00  5.1641E+00  1.6908E-01 -5.6796E+00 -1.3089E-01  3.7948E+00  5.6796E+00  1.0000E+00  5.6300E+00  5.1855E+00  4.4450E-01  1.4490E-01
  5.0000E+00  1.0000E+00  8.0076E+00  7.2051E+00  7.2051E+00  3.3305E+00 -8.0076E+00 -3.8777E-01  3.4969E+00  8.0076E+00  1.0000E+00  1.1400E+01  7.2409E+00  4.1591E+00  3.5523E+00
  5.0000E+00  2.0200E+00  9.2850E+00  8.2135E+00  8.2135E+00  2.4526E-01 -9.2850E+00 -1.0493E+00  1.2917E+00  9.2850E+00  1.0000E+00  9.3300E+00  8.2666E+00  1.0634E+00  2.4530E-01
  5.0000E+00  3.5000E+00  8.7400E+00  7.5994E+00  7.5994E+00  2.0293E-01 -8.7400E+00 -1.9397E+00 -1.3418E-01  8.7400E+00  1.0000E+00  8.7400E+00  7.6612E+00  1.0788E+00  1.9601E-01
  5.0000E+00  5.0200E+00  7.8045E+00  6.6890E+00  6.6890E+00 -4.5868E-02 -7.8045E+00 -2.6580E+00 -3.9349E-01  7.8045E+00  1.0000E+00  7.5600E+00  6.7531E+00  8.0687E-01 -8.2811E-02
  5.0000E+00  7.0200E+00  6.6661E+00  5.6110E+00  5.6110E+00  6.2155E-01 -6.6661E+00 -3.3253E+00 -3.8221E-01  6.6661E+00  1.0000E+00  7.0900E+00  5.6760E+00  1.4140E+00  6.7213E-01
  5.0000E+00  9.1000E+00  5.6526E+00  4.6685E+00  4.6685E+00  4.4433E-01 -5.6526E+00 -3.7521E+00 -3.2771E-01  5.6526E+00  1.0000E+00  5.9000E+00  4.7339E+00  1.1661E+00  4.7851E-01
  5.0000E+00  1.2000E+01  4.4911E+00  3.6103E+00  3.6103E+00 -8.8682E-02 -4.4911E+00 -4.0141E+00 -2.6060E-01  4.4911E+00  1.0000E+00  4.3700E+00  3.6752E+00  6.9478E-01 -1.1648E-01
  5.0000E+00  2.4350E+01  1.6862E+00  1.1974E+00  1.1974E+00 -3.0448E-01 -1.6862E+00 -3.1590E+00 -9.7847E-02  1.6862E+00  1.0000E+00  1.5700E+00  1.2506E+00  3.1941E-01 -2.8119E-01
  6.0000E+00  0.0000E+00  0.0000E+00  0.0000E+00  0.0000E+00  0.0000E+00 -0.0000E+00  0.0000E+00  0.0000E+00  0.0000E+00  1.0000E+00  0.0000E+00  0.0000E+00  0.0000E+00  0.0000E+00
  6.0000E+00  2.7000E-01  1.8797E+00  2.9241E+00  2.9241E+00 -2.0580E+00 -1.8797E+00 -2.8987E-02  1.6522E+00  1.8797E+00  1.0000E+00  1.2900E+00  3.2271E+00 -1.9371E+00 -1.3982E+00
  6.0000E+00  5.8000E-01  3.4616E+00  5.1925E+00  5.1925E+00 -1.4684E+00 -3.4616E+00 -1.1933E-01  2.6012E+00  3.4616E+00  1.0000E+00  3.0800E+00  5.5461E+00 -2.4661E+00 -1.1071E+00
  6.0000E+00  1.1500E+00  5.2435E+00  7.4095E+00  7.4095E+00  7.7399E-01 -5.2435E+00 -3.8364E-01  2.8723E+00  5.2435E+00  1.0000E+00  6.4400E+00  7.5887E+00 -1.1487E+00  3.4348E-01
  6.0000E+00  2.0300E+00  6.3186E+00  8.3102E+00  8.3102E+00 -6.9339E-01 -6.3186E+00 -8.9419E-01  1.9348E+00  6.3186E+00  1.0000E+00  6.3200E+00  8.2666E+00 -1.9466E+00 -6.8355E-01
  6.0000E+00  3.5700E+00  6.2245E+00  7.6473E+00  7.6473E+00 -1.2551E+00 -6.2245E+00 -1.7506E+00  3.3176E-01  6.2245E+00  1.0000E+00  5.5300E+00  7.6198E+00 -2.0898E+00 -1.0868E+00
  6.0000E+00  5.0000E+00  5.5245E+00  6.6887E+00  6.6887E+00 -1.1022E+00 -5.5245E+00 -2.3525E+00 -3.0968E-01  5.5245E+00  1.0000E+00  4.9400E+00  6.7648E+00 -1.8248E+00 -9.3876E-01
  6.0000E+00  7.0000E+00  4.4921E+00  5.5409E+00  5.5409E+00 -1.0374E+00 -4.4921E+00 -2.8722E+00 -5.0910E-01  4.4921E+00  1.0000E+00  4.0200E+00  5.6859E+00 -1.6659E+00 -8.6923E-01
  6.0000E+00  9.2200E+00  3.5270E+00  4.5222E+00  4.5222E+00 -4.3497E-01 -3.5270E+00 -3.1108E+00 -4.5786E-01  3.5270E+00  1.0000E+00  3.4600E+00  4.6845E+00 -1.2245E+00 -3.8075E-01
  6.0000E+00  1.2100E+01  2.5693E+00  3.4791E+00  3.4791E+00  1.7505E-01 -2.5693E+00 -3.0801E+00 -3.4355E-01  2.5693E+00  1.0000E+00  2.7800E+00  3.6433E+00 -8.6328E-01  1.0626E-01
  6.0000E+00  2.3850E+01  7.0412E-01  1.1655E+00  1.1655E+00  5.4412E-01 -7.0412E-01 -1.7555E+00 -9.4538E-02  7.0412E-01  1.0000E+00  9.2000E-01  1.3064E+00 -3.8638E-01  5.9363E-01
  7.0000E+00  0.0000E+00  0.0000E+00  0.0000E+00  0.0000E+00  5.2110E-01 -0.0000E+00  0.0000E+00  0.0000E+00  0.0000E+00  1.0000E+00  1.5000E-01  0.0000E+00  1.5000E-01  5.2110E-01
  7.0000E+00  2.5000E-01  1.4186E+00  2.5488E+00  2.5488E+00 -2.1543E+00 -1.4186E+00 -1.8315E-02  1.3090E+00  1.4186E+00  1.0000E+00  8.5000E-01  3.0330E+00 -2.1830E+00 -1.1122E+00
  7.0000E+00  5.0000E-01  2.5944E+00  4.5024E+00  4.5024E+00 -1.3296E+00 -2.5944E+00 -6.8440E-02  2.2027E+00  2.5944E+00  1.0000E+00  2.3500E+00  5.0570E+00 -2.7070E+00 -8.7369E-01
  7.0000E+00  1.0200E+00  4.4149E+00  7.1417E+00  7.1417E+00 -6.1601E-02 -4.4149E+00 -2.4797E-01  3.1198E+00  4.4149E+00  1.0000E+00  5.0200E+00  7.2934E+00 -2.2734E+00 -5.1004E-01
  7.0000E+00  2.0200E+00  6.2781E+00  8.9590E+00  8.9590E+00 -5.5024E-01 -6.2781E+00 -7.5315E-01  2.9738E+00  6.2781E+00  1.0000E+00  6.5800E+00  8.2666E+00 -1.6866E+00 -8.6004E-01
  7.0000E+00  3.4800E+00  6.9367E+00  8.5045E+00  8.5045E+00 -3.6561E-01 -6.9367E+00 -1.5755E+00  1.5342E+00  6.9367E+00  1.0000E+00  7.0900E+00  7.6730E+00 -5.8297E-01 -4.0911E-01
  7.0000E+00  5.0000E+00  6.5655E+00  7.1988E+00  7.1988E+00 -1.3841E-01 -6.5655E+00 -2.3186E+00  3.1982E-01  6.5655E+00  1.0000E+00  6.6600E+00  6.7648E+00 -1.0476E-01 -6.4954E-03
  7.0000E+00  6.9800E+00  5.6394E+00  5.7128E+00  5.7128E+00 -5.6363E-01 -5.6394E+00 -3.0046E+00 -4.4647E-01  5.6394E+00  1.0000E+00  5.2500E+00  5.6959E+00 -4.4586E-01 -3.4749E-01
  7.0000E+00  9.0000E+00  4.6744E+00  4.6157E+00  4.6157E+00 -4.5191E-01 -4.6744E+00 -3.3976E+00 -6.6420E-01  4.6744E+00  1.0000E+00  4.3900E+00  4.7754E+00 -3.8537E-01 -2.2870E-01
  7.0000E+00  1.2050E+01  3.4579E+00  3.4622E+00  3.4622E+00  7.6267E-02 -3.4579E+00 -3.5595E+00 -6.1425E-01  3.4579E+00  1.0000E+00  3.5300E+00  3.6592E+00 -1.2922E-01  2.6362E-01
  7.0000E+00  2.4220E+01  1.0126E+00  1.1849E+00  1.1849E+00  3.1100E-01 -1.0126E+00 -2.2856E+00 -1.9270E-01  1.0126E+00  1.0000E+00  1.1500E+00  1.2649E+00 -1.1487E-01  4.0480E-01
  8.0000E+00  0.0000E+00  0.0000E+00  0.0000E+00  0.0000E+00  0.0000E+00 -0.0000E+00  0.0000E+00  0.0000E+00  0.0000E+00  1.0000E+00  0.0000E+00  0.0000E+00  0.0000E+00  0.0000E+00
  8.0000E+00  2.5000E-01  2.6675E+00  3.0111E+00  3.0111E+00  9.3573E-01 -2.6675E+00 -3.3205E-02  2.2283E+00  2.6675E+00  1.0000E+00  3.0500E+00  3.0330E+00  1.6975E-02  7.8205E-01
  8.0000E+00  5.2000E-01  4.6057E+00  5.1552E+00  5.1552E+00 -2.3307E+00 -4.6057E+00 -1.2578E-01  3.1245E+00  4.6057E+00  1.0000E+00  3.0500E+00  5.1855E+00 -2.1355E+00 -2.0365E+00
  8.0000E+00  9.8000E-01  6.4666E+00  7.1557E+00  7.1557E+00  8.4758E-01 -6.4666E+00 -3.6121E-01  2.9657E+00  6.4666E+00  1.0000E+00  7.3100E+00  7.1862E+00  1.2377E-01  7.1823E-01
  8.0000E+00  2.0200E+00  7.5522E+00  8.2429E+00  8.2429E+00 -1.7861E-01 -7.5522E+00 -1.0046E+00  1.1149E+00  7.5522E+00  1.0000E+00  7.5600E+00  8.2666E+00 -7.0659E-01 -1.8793E-01
  8.0000E+00  3.5300E+00  6.9890E+00  7.6199E+00  7.6199E+00 -6.3653E-01 -6.9890E+00 -1.8464E+00 -1.5343E-01  6.9890E+00  1.0000E+00  6.5900E+00  7.6435E+00 -1.0535E+00 -5.9513E-01
  8.0000E+00  5.0500E+00  6.1079E+00  6.7104E+00  6.7104E+00 -4.9259E-01 -6.1079E+00 -2.4739E+00 -3.8341E-01  6.1079E+00  1.0000E+00  5.8800E+00  6.7357E+00 -8.5571E-01 -4.5888E-01
  8.0000E+00  7.1500E+00  5.0153E+00  5.5855E+00  5.5855E+00 -6.1464E-01 -5.0153E+00 -3.0234E+00 -3.6045E-01  5.0153E+00  1.0000E+00  4.7300E+00  5.6120E+00 -8.8203E-01 -5.6476E-01
  8.0000E+00  9.0700E+00  4.1836E+00  4.7191E+00  4.7191E+00  4.2282E-01 -4.1836E+00 -3.2807E+00 -3.0415E-01  4.1836E+00  1.0000E+00  4.5700E+00  4.7463E+00 -1.7629E-01  3.5439E-01
  8.0000E+00  1.2100E+01  3.1421E+00  3.6156E+00  3.6156E+00 -4.6248E-01 -3.1421E+00 -3.3635E+00 -2.2873E-01  3.1421E+00  1.0000E+00  3.0000E+00  3.6433E+00 -6.4328E-01 -4.2534E-01
  8.0000E+00  2.4120E+01  1.0092E+00  1.2521E+00  1.2521E+00  6.7825E-01 -1.0092E+00 -2.2265E+00 -7.3470E-02  1.0092E+00  1.0000E+00  1.2500E+00  1.2760E+00 -2.5954E-02  6.3740E-01
  9.0000E+00  0.0000E+00  0.0000E+00  0.0000E+00  0.0000E+00  0.0000E+00 -0.0000E+00  0.0000E+00  0.0000E+00  0.0000E+00  1.0000E+00  0.0000E+00  0.0000E+00  0.0000E+00  0.0000E+00
  9.0000E+00  3.0000E-01  6.6392E+00  4.4750E+00  4.4750E+00  1.6651E+00 -6.6392E+00 -1.0874E-01  2.5027E+00  6.6392E+00  1.0000E+00  7.3700E+00  3.5067E+00  3.8633E+00  3.0660E+00
  9.0000E+00  6.3000E-01  7.7066E+00  8.1027E+00  8.1027E+00  1.1876E+00 -7.7066E+00 -3.1226E-01  7.2478E-01  7.7066E+00  1.0000E+00  9.0300E+00  5.8196E+00  3.2104E+00  1.1832E+00
  9.0000E+00  1.0500E+00  7.6388E+00  8.9707E+00  8.9707E+00 -8.8913E-01 -7.6388E+00 -5.7531E-01  1.2255E-02  7.6388E+00  1.0000E+00  7.1400E+00  7.3685E+00 -2.2850E-01 -1.6486E+00
  9.0000E+00  2.0200E+00  7.0461E+00  8.4264E+00  8.4264E+00 -1.1795E+00 -7.0461E+00 -1.1180E+00 -1.0785E-01  7.0461E+00  1.0000E+00  6.3300E+00  8.2666E+00 -1.9366E+00 -1.4987E+00
  9.0000E+00  3.5300E+00  6.1862E+00  7.3892E+00  7.3892E+00 -1.0008E+00 -6.1862E+00 -1.7868E+00 -9.5596E-02  6.1862E+00  1.0000E+00  5.6600E+00  7.6435E+00 -1.9835E+00 -7.6397E-01
  9.0000E+00  5.0200E+00  5.4406E+00  6.4898E+00  6.4898E+00 -4.2657E-02 -5.4406E+00 -2.2702E+00 -8.4074E-02  5.4406E+00  1.0000E+00  5.6700E+00  6.7531E+00 -1.0831E+00  1.7430E-01
  9.0000E+00  7.1700E+00  4.5202E+00  5.3814E+00  5.3814E+00 -7.1181E-01 -4.5202E+00 -2.7239E+00 -6.9851E-02  4.5202E+00  1.0000E+00  4.2400E+00  5.6022E+00 -1.3622E+00 -3.2455E-01
  9.0000E+00  8.8000E+00  3.9277E+00  4.6691E+00  4.6691E+00  6.2481E-02 -3.9277E+00 -2.9187E+00 -6.0695E-02  3.9277E+00  1.0000E+00  4.1100E+00  4.8595E+00 -7.4947E-01  3.2064E-01
  9.0000E+00  1.1600E+01  3.0855E+00  3.6585E+00  3.6585E+00 -4.3351E-02 -3.0855E+00 -3.0375E+00 -4.7680E-02  3.0855E+00  1.0000E+00  3.1600E+00  3.8058E+00 -6.4581E-01  2.3709E-01
  9.0000E+00  2.4430E+01  1.0210E+00  1.1964E+00  1.1964E+00  2.5163E-01 -1.0210E+00 -2.1343E+00 -1.5777E-02  1.0210E+00  1.0000E+00  1.1200E+00  1.2419E+00 -1.2189E-01  4.0081E-01
  1.0000E+01  0.0000E+00  0.0000E+00  0.0000E+00  0.0000E+00  8.3376E-01 -0.0000E+00  0.0000E+00  0.0000E+00  0.0000E+00  1.0000E+00  2.4000E-01  0.0000E+00  2.4000E-01  8.3376E-01
  1.0000E+01  3.7000E-01  2.8533E+00  4.0059E+00  4.0059E+00 -2.1571E-01 -2.8533E+00 -4.1292E-02  2.4832E+00  2.8533E+00  1.0000E+00  2.8900E+00  4.1083E+00 -1.2183E+00  5.4507E-02
  1.0000E+01  7.7000E-01  5.0954E+00  6.6758E+00  6.6758E+00 -1.8216E-01 -5.0954E+00 -1.5986E-01  3.7822E+00  5.0954E+00  1.0000E+00  5.2200E+00  6.4707E+00 -1.2507E+00 -3.2899E-01
  1.0000E+01  1.0200E+00  6.1518E+00  7.7263E+00  7.7263E+00 -3.3757E-02 -6.1518E+00 -2.6199E-01  4.1131E+00  6.1518E+00  1.0000E+00  6.4100E+00  7.2934E+00 -8.8341E-01 -3.4680E-01
  1.0000E+01  2.0500E+00  8.6310E+00  9.2070E+00  9.2070E+00 -8.0049E-01 -8.6310E+00 -8.0985E-01  3.5731E+00  8.6310E+00  1.0000E+00  7.8300E+00  8.2662E+00 -4.3618E-01 -1.2282E+00
  1.0000E+01  3.5500E+00  9.4139E+00  8.2537E+00  8.2537E+00  8.5122E-01 -9.4139E+00 -1.7046E+00  1.5613E+00  9.4139E+00  1.0000E+00  1.0210E+01  7.6317E+00  2.5783E+00  8.4847E-01
  1.0000E+01  5.0500E+00  8.9792E+00  6.8399E+00  6.8399E+00  5.7456E-01 -8.9792E+00 -2.5086E+00  2.2570E-01  8.9792E+00  1.0000E+00  9.1800E+00  6.7357E+00  2.4443E+00  7.1332E-01
  1.0000E+01  7.0800E+00  7.9231E+00  5.3605E+00  5.3605E+00  5.8916E-01 -7.9231E+00 -3.3500E+00 -5.0941E-01  7.9231E+00  1.0000E+00  8.0200E+00  5.6464E+00  2.3736E+00  8.3565E-01
  1.0000E+01  9.3800E+00  6.7154E+00  4.2027E+00  4.2027E+00  9.5993E-01 -6.7154E+00 -3.9760E+00 -6.7178E-01  6.7154E+00  1.0000E+00  7.1400E+00  4.6196E+00  2.5204E+00  1.3834E+00
  1.0000E+01  1.2100E+01  5.4831E+00  3.2202E+00  3.2202E+00  7.1199E-01 -5.4831E+00 -4.3613E+00 -6.1159E-01  5.4831E+00  1.0000E+00  5.6800E+00  3.6433E+00  2.0367E+00  1.0897E+00
  1.0000E+01  2.3700E+01  2.2929E+00  1.0432E+00  1.0432E+00  5.4076E-01 -2.2929E+00 -3.8229E+00 -2.6304E-01  2.2929E+00  1.0000E+00  2.4200E+00  1.3236E+00  1.0964E+00  9.3513E-01
  1.1000E+01  0.0000E+00  0.0000E+00  0.0000E+00  0.0000E+00  0.0000E+00 -0.0000E+00  0.0000E+00  0.0000E+00  0.0000E+00  1.0000E+00  0.0000E+00  0.0000E+00  0.0000E+00  0.0000E+00
  1.1000E+01  2.5000E-01  4.7927E+00  3.0707E+00  3.0707E+00  5.7515E-01 -4.7927E+00 -6.4548E-02  2.9716E+00  4.7927E+00  1.0000E+00  4.8600E+00  3.0330E+00  1.8270E+00  1.0145E+00
  1.1000E+01  5.0000E-01  6.6577E+00  5.7896E+00  5.7896E+00  8.3954E-01 -6.6577E+00 -2.0008E-01  2.3773E+00  6.6577E+00  1.0000E+00  7.2400E+00  5.0570E+00  2.1830E+00  8.8108E-01
  1.1000E+01  9.8000E-01  7.4801E+00  8.2232E+00  8.2232E+00  2.5639E-01 -7.4801E+00 -5.1137E-01  7.1139E-01  7.4801E+00  1.0000E+00  8.0000E+00  7.1862E+00  8.1377E-01 -1.5311E-01
  1.1000E+01  1.9800E+00  7.0391E+00  8.4882E+00  8.4882E+00 -7.0286E-01 -7.0391E+00 -1.1238E+00 -1.3905E-01  7.0391E+00  1.0000E+00  6.8100E+00  8.2656E+00 -1.4556E+00 -9.4176E-01
  1.1000E+01  3.6000E+00  6.0479E+00  7.4043E+00  7.4043E+00 -6.7611E-01 -6.0479E+00 -1.8888E+00 -1.6517E-01  6.0479E+00  1.0000E+00  5.8700E+00  7.6020E+00 -1.7320E+00 -5.5818E-01
  1.1000E+01  5.0200E+00  5.2895E+00  6.5313E+00  6.5313E+00 -5.4399E-01 -5.2895E+00 -2.3606E+00 -1.4473E-01  5.2895E+00  1.0000E+00  5.2200E+00  6.7531E+00 -1.5331E+00 -3.5551E-01
  1.1000E+01  7.0300E+00  4.3758E+00  5.4676E+00  5.4676E+00 -3.1412E-01 -4.3758E+00 -2.7827E+00 -1.1973E-01  4.3758E+00  1.0000E+00  4.4500E+00  5.6711E+00 -1.2211E+00 -1.4223E-01
  1.1000E+01  9.0300E+00  3.6233E+00  4.5806E+00  4.5806E+00 -4.1347E-01 -3.6233E+00 -2.9879E+00 -9.9143E-02  3.6233E+00  1.0000E+00  3.6200E+00  4.7629E+00 -1.1429E+00 -2.1177E-01
  1.1000E+01  1.2120E+01  2.7070E+00  3.4836E+00  3.4836E+00 -4.0642E-01 -2.7070E+00 -3.0215E+00 -7.4070E-02  2.7070E+00  1.0000E+00  2.6900E+00  3.6369E+00 -9.4693E-01 -2.0264E-01
  1.1000E+01  2.4080E+01  8.7579E-01  1.2040E+00  1.2040E+00 -2.5444E-01 -8.7579E-01 -1.9658E+00 -2.3964E-02  8.7579E-01  1.0000E+00  8.6000E-01  1.2804E+00 -4.2042E-01 -1.3067E-01
  1.2000E+01  0.0000E+00  0.0000E+00  0.0000E+00  0.0000E+00  0.0000E+00 -0.0000E+00  0.0000E+00  0.0000E+00  0.0000E+00  1.0000E+00  0.0000E+00  0.0000E+00  0.0000E+00  0.0000E+00
  1.2000E+01  2.5000E-01  2.2658E+00  2.9609E+00  2.9609E+00 -2.7892E+00 -2.2658E+00 -2.4833E-02  2.0176E+00  2.2658E+00  1.0000E+00  1.2500E+00  3.0330E+00 -1.7830E+00 -1.7488E+00
  1.2000E+01  5.0000E-01  4.0242E+00  5.0540E+00  5.0540E+00 -5.8721E-01 -4.0242E+00 -9.1117E-02  3.1735E+00  4.0242E+00  1.0000E+00  3.9600E+00  5.0570E+00 -1.0970E+00 -1.8884E-01
  1.2000E+01  1.0000E+00  6.4133E+00  7.4741E+00  7.4741E+00  1.1029E+00 -6.4133E+00 -3.0870E-01  3.8974E+00  6.4133E+00  1.0000E+00  7.8200E+00  7.2409E+00  5.7915E-01  1.0205E+00
  1.2000E+01  2.0000E+00  8.4795E+00  8.7023E+00  8.7023E+00  8.6091E-01 -8.4795E+00 -9.0764E-01  2.8045E+00  8.4795E+00  1.0000E+00  9.7200E+00  8.2663E+00  1.4537E+00  7.7234E-01
  1.2000E+01  3.5200E+00  8.7256E+00  7.8584E+00  7.8584E+00  9.4960E-01 -8.7256E+00 -1.8570E+00  7.3020E-01  8.7256E+00  1.0000E+00  9.7500E+00  7.6494E+00  2.1006E+00  9.3089E-01
  1.2000E+01  5.0700E+00  7.9734E+00  6.6994E+00  6.6994E+00  7.3562E-01 -7.9734E+00 -2.6592E+00 -2.4675E-01  7.9734E+00  1.0000E+00  8.5700E+00  6.7241E+00  1.8459E+00  7.3159E-01
  1.2000E+01  7.0700E+00  6.8150E+00  5.5144E+00  5.5144E+00 -6.4717E-02 -6.8150E+00 -3.3947E+00 -5.7162E-01  6.8150E+00  1.0000E+00  6.5900E+00  5.6513E+00  9.3867E-01 -1.6866E-01
  1.2000E+01  9.0300E+00  5.7855E+00  4.6125E+00  4.6125E+00  5.2278E-01 -5.7855E+00 -3.8354E+00 -5.6788E-01  5.7855E+00  1.0000E+00  6.1100E+00  4.7629E+00  1.3471E+00  5.3016E-01
  1.2000E+01  1.2050E+01  4.4812E+00  3.5295E+00  3.5295E+00  1.6665E-01 -4.4812E+00 -4.1162E+00 -4.5922E-01  4.4812E+00  1.0000E+00  4.5700E+00  3.6592E+00  9.1078E-01  1.4988E-01
  1.2000E+01  2.4150E+01  1.6067E+00  1.2169E+00  1.2169E+00 -1.3584E+00 -1.6067E+00 -3.1238E+00 -1.6552E-01  1.6067E+00  1.0000E+00  1.1700E+00  1.2726E+00 -1.0262E-01 -1.3985E+00
