TABLE NO.  2
 ID          V           K           KA          CL          ETA1        ETA2        ETA3
  1.0000E+00  2.6764E+01  6.6013E-02  1.3426E+00  1.7668E+00 -1.9253E-01 -2.7935E-01 -1.0466E-01
  1.0000E+00  2.6764E+01  6.6013E-02  1.3426E+00  1.7668E+00 -1.9253E-01 -2.7935E-01 -1.0466E-01
  1.0000E+00  2.6764E+01  6.6013E-02  1.3426E+00  1.7668E+00 -1.9253E-01 -2.7935E-01 -1.0466E-01
  1.0000E+00  2.6764E+01  6.6013E-02  1.3426E+00  1.7668E+00 -1.9253E-01 -2.7935E-01 -1.0466E-01
  1.0000E+00  2.6764E+01  6.6013E-02  1.3426E+00  1.7668E+00 -1.9253E-01 -2.7935E-01 -1.0466E-01
  1.0000E+00  2.6764E+01  6.6013E-02  1.3426E+00  1.7668E+00 -1.9253E-01 -2.7935E-01 -1.0466E-01
  1.0000E+00  2.6764E+01  6.6013E-02  1.3426E+00  1.7668E+00 -1.9253E-01 -2.7935E-01 -1.0466E-01
  1.0000E+00  2.6764E+01  6.6013E-02  1.3426E+00  1.7668E+00 -1.9253E-01 -2.7935E-01 -1.0466E-01
  1.0000E+00  2.6764E+01  6.6013E-02  1.3426E+00  1.7668E+00 -1.9253E-01 -2.7935E-01 -1.0466E-01
  1.0000E+00  2.6764E+01  6.6013E-02  1.3426E+00  1.7668E+00 -1.9253E-01 -2.7935E-01 -1.0466E-01
  1.0000E+00  2.6764E+01  6.6013E-02  1.3426E+00  1.7668E+00 -1.9253E-01 -2.7935E-01 -1.0466E-01
  2.0000E+00  3.4327E+01  9.1221E-02  2.0716E+00  3.1313E+00  5.6338E-02  4.4078E-02  3.2904E-01
  2.0000E+00  3.4327E+01  9.1221E-02  2.0716E+00  3.1313E+00  5.6338E-02  4.4078E-02  3.2904E-01
  2.0000E+00  3.4327E+01  9.1221E-02  2.0716E+00  3.1313E+00  5.6338E-02  4.4078E-02  3.2904E-01
  2.0000E+00  3.4327E+01  9.1221E-02  2.0716E+00  3.1313E+00  5.6338E-02  4.4078E-02  3.2904E-01
  2.0000E+00  3.4327E+01  9.1221E-02  2.0716E+00  3.1313E+00  5.6338E-02  4.4078E-02  3.2904E-01
  2.0000E+00  3.4327E+01  9.1221E-02  2.0716E+00  3.1313E+00  5.6338E-02  4.4078E-02  3.2904E-01
  2.0000E+00  3.4327E+01  9.1221E-02  2.0716E+00  3.1313E+00  5.6338E-02  4.4078E-02  3.2904E-01
  2.0000E+00  3.4327E+01  9.1221E-02  2.0716E+00  3.1313E+00  5.6338E-02  4.4078E-02  3.2904E-01
  2.0000E+00  3.4327E+01  9.1221E-02  2.0716E+00  3.1313E+00  5.6338E-02  4.4078E-02  3.2904E-01
  2.0000E+00  3.4327E+01  9.1221E-02  2.0716E+00  3.1313E+00  5.6338E-02  4.4078E-02  3.2904E-01
  2.0000E+00  3.4327E+01  9.1221E-02  2.0716E+00  3.1313E+00  5.6338E-02  4.4078E-02  3.2904E-01
  3.0000E+00  3.3903E+01  8.6169E-02  2.2488E+00  2.9214E+00  4.3915E-02 -1.2888E-02  4.1111E-01
  3.0000E+00  3.3903E+01  8.6169E-02  2.2488E+00  2.9214E+00  4.3915E-02 -1.2888E-02  4.1111E-01
  3.0000E+00  3.3903E+01  8.6169E-02  2.2488E+00  2.9214E+00  4.3915E-02 -1.2888E-02  4.1111E-01
  3.0000E+00  3.3903E+01  8.6169E-02  2.2488E+00  2.9214E+00  4.3915E-02 -1.2888E-02  4.1111E-01
  3.0000E+00  3.3903E+01  8.6169E-02  2.2488E+00  2.9214E+00  4.3915E-02 -1.2888E-02  4.1111E-01
  3.0000E+00  3.3903E+01  8.6169E-02  2.2488E+00  2.9214E+00  4.3915E-02 -1.2888E-02  4.1111E-01
  3.0000E+00  3.3903E+01  8.6169E-02  2.2488E+00  2.9214E+00  4.3915E-02 -1.2888E-02  4.1111E-01
  3.0000E+00  3.3903E+01  8.6169E-02  2.2488E+00  2.9214E+00  4.3915E-02 -1.2888E-02  4.1111E-01
  3.0000E+00  3.3903E+01  8.6169E-02  2.2488E+00  2.9214E+00  4.3915E-02 -1.2888E-02  4.1111E-01
  3.0000E+00  3.3903E+01  8.6169E-02  2.2488E+00  2.9214E+00  4.3915E-02 -1.2888E-02  4.1111E-01
  3.0000E+00  3.3903E+01  8.6169E-02  2.2488E+00  2.9214E+00  4.3915E-02 -1.2888E-02  4.1111E-01
  4.0000E+00  3.1110E+01  8.8664E-02  1.0567E+00  2.7584E+00 -4.2055E-02  1.5649E-02 -3.4415E-01
  4.0000E+00  3.1110E+01  8.8664E-02  1.0567E+00  2.7584E+00 -4.2055E-02  1.5649E-02 -3.4415E-01
  4.0000E+00  3.1110E+01  8.8664E-02  1.0567E+00  2.7584E+00 -4.2055E-02  1.5649E-02 -3.4415E-01
  4.0000E+00  3.1110E+01  8.8664E-02  1.0567E+00  2.7584E+00 -4.2055E-02  1.5649E-02 -3.4415E-01
  4.0000E+00  3.1110E+01  8.8664E-02  1.0567E+00  2.7584E+00 -4.2055E-02  1.5649E-02 -3.4415E-01
  4.0000E+00  3.1110E+01  8.8664E-02  1.0567E+00  2.7584E+00 -4.2055E-02  1.5649E-02 -3.4415E-01
  4.0000E+00  3.1110E+01  8.8664E-02  1.0567E+00  2.7584E+00 -4.2055E-02  1.5649E-02 -3.4415E-01
  4.0000E+00  3.1110E+01  8.8664E-02  1.0567E+00  2.7584E+00 -4.2055E-02  1.5649E-02 -3.4415E-01
  4.0000E+00  3.1110E+01  8.8664E-02  1.0567E+00  2.7584E+00 -4.2055E-02  1.5649E-02 -3.4415E-01
  4.0000E+00  3.1110E+01  8.8664E-02  1.0567E+00  2.7584E+00 -4.2055E-02  1.5649E-02 -3.4415E-01
  4.0000E+00  3.1110E+01  8.8664E-02  1.0567E+00  2.7584E+00 -4.2055E-02  1.5649E-02 -3.4415E-01
  5.0000E+00  2.9102E+01  7.9319E-02  1.4463E+00  2.3083E+00 -1.0880E-01 -9.5722E-02 -3.0277E-02
  5.0000E+00  2.9102E+01  7.9319E-02  1.4463E+00  2.3083E+00 -1.0880E-01 -9.5722E-02 -3.0277E-02
  5.0000E+00  2.9102E+01  7.9319E-02  1.4463E+00  2.3083E+00 -1.0880E-01 -9.5722E-02 -3.0277E-02
  5.0000E+00  2.9102E+01  7.9319E-02  1.4463E+00  2.3083E+00 -1.0880E-01 -9.5722E-02 -3.0277E-02
  5.0000E+00  2.9102E+01  7.9319E-02  1.4463E+00  2.3083E+00 -1.0880E-01 -9.5722E-02 -3.0277E-02
  5.0000E+00  2.9102E+01  7.9319E-02  1.4463E+00  2.3083E+00 -1.0880E-01 -9.5722E-02 -3.0277E-02
  5.0000E+00  2.9102E+01  7.9319E-02  1.4463E+00  2.3083E+00 -1.0880E-01 -9.5722E-02 -3.0277E-02
  5.0000E+00  2.9102E+01  7.9319E-02  1.4463E+00  2.3083E+00 -1.0880E-01 -9.5722E-02 -3.0277E-02
  5.0000E+00  2.9102E+01  7.9319E-02  1.4463E+00  2.3083E+00 -1.0880E-01 -9.5722E-02 -3.0277E-02
  5.0000E+00  2.9102E+01  7.9319E-02  1.4463E+00  2.3083E+00 -1.0880E-01 -9.5722E-02 -3.0277E-02
  5.0000E+00  2.9102E+01  7.9319E-02  1.4463E+00  2.3083E+00 -1.0880E-01 -9.5722E-02 -3.0277E-02
  6.0000E+00  3.7248E+01  1.1017E-01  9.3070E-01  4.1036E+00  1.3800E-01  2.3281E-01 -4.7108E-01
  6.0000E+00  3.7248E+01  1.1017E-01  9.3070E-01  4.1036E+00  1.3800E-01  2.3281E-01 -4.7108E-01
  6.0000E+00  3.7248E+01  1.1017E-01  9.3070E-01  4.1036E+00  1.3800E-01  2.3281E-01 -4.7108E-01
  6.0000E+00  3.7248E+01  1.1017E-01  9.3070E-01  4.1036E+00  1.3800E-01  2.3281E-01 -4.7108E-01
  6.0000E+00  3.7248E+01  1.1017E-01  9.3070E-01  4.1036E+00  1.3800E-01  2.3281E-01 -4.7108E-01
  6.0000E+00  3.7248E+01  1.1017E-01  9.3070E-01  4.1036E+00  1.3800E-01  2.3281E-01 -4.7108E-01
  6.0000E+00  3.7248E+01  1.1017E-01  9.3070E-01  4.1036E+00  1.3800E-01  2.3281E-01 -4.7108E-01
  6.0000E+00  3.7248E+01  1.1017E-01  9.3070E-01  4.1036E+00  1.3800E-01  2.3281E-01 -4.7108E-01
  6.0000E+00  3.7248E+01  1.1017E-01  9.3070E-01  4.1036E+00  1.3800E-01  2.3281E-01 -4.7108E-01
  6.0000E+00  3.7248E+01  1.1017E-01  9.3070E-01  4.1036E+00  1.3800E-01  2.3281E-01 -4.7108E-01
  6.0000E+00  3.7248E+01  1.1017E-01  9.3070E-01  4.1036E+00  1.3800E-01  2.3281E-01 -4.7108E-01
  7.0000E+00  3.2542E+01  1.0105E-01  6.3195E-01  3.2885E+00  2.9441E-03  1.4644E-01 -8.5821E-01
  7.0000E+00  3.2542E+01  1.0105E-01  6.3195E-01  3.2885E+00  2.9441E-03  1.4644E-01 -8.5821E-01
  7.0000E+00  3.2542E+01  1.0105E-01  6.3195E-01  3.2885E+00  2.9441E-03  1.4644E-01 -8.5821E-01
  7.0000E+00  3.2542E+01  1.0105E-01  6.3195E-01  3.2885E+00  2.9441E-03  1.4644E-01 -8.5821E-01
  7.0000E+00  3.2542E+01  1.0105E-01  6.3195E-01  3.2885E+00  2.9441E-03  1.4644E-01 -8.5821E-01
  7.0000E+00  3.2542E+01  1.0105E-01  6.3195E-01  3.2885E+00  2.9441E-03  1.4644E-01 -8.5821E-01
  7.0000E+00  3.2542E+01  1.0105E-01  6.3195E-01  3.2885E+00  2.9441E-03  1.4644E-01 -8.5821E-01
  7.0000E+00  3.2542E+01  1.0105E-01  6.3195E-01  3.2885E+00  2.9441E-03  1.4644E-01 -8.5821E-01
  7.0000E+00  3.2542E+01  1.0105E-01  6.3195E-01  3.2885E+00  2.9441E-03  1.4644E-01 -8.5821E-01
  7.0000E+00  3.2542E+01  1.0105E-01  6.3195E-01  3.2885E+00  2.9441E-03  1.4644E-01 -8.5821E-01
  7.0000E+00  3.2542E+01  1.0105E-01  6.3195E-01  3.2885E+00  2.9441E-03  1.4644E-01 -8.5821E-01
  8.0000E+00  3.4829E+01  9.4485E-02  1.3924E+00  3.2908E+00  7.0837E-02  7.9239E-02 -6.8244E-02
  8.0000E+00  3.4829E+01  9.4485E-02  1.3924E+00  3.2908E+00  7.0837E-02  7.9239E-02 -6.8244E-02
  8.0000E+00  3.4829E+01  9.4485E-02  1.3924E+00  3.2908E+00  7.0837E-02  7.9239E-02 -6.8244E-02
  8.0000E+00  3.4829E+01  9.4485E-02  1.3924E+00  3.2908E+00  7.0837E-02  7.9239E-02 -6.8244E-02
  8.0000E+00  3.4829E+01  9.4485E-02  1.3924E+00  3.2908E+00  7.0837E-02  7.9239E-02 -6.8244E-02
  8.0000E+00  3.4829E+01  9.4485E-02  1.3924E+00  3.2908E+00  7.0837E-02  7.9239E-02 -6.8244E-02
  8.0000E+00  3.4829E+01  9.4485E-02  1.3924E+00  3.2908E+00  7.0837E-02  7.9239E-02 -6.8244E-02
  8.0000E+00  3.4829E+01  9.4485E-02  1.3924E+00  3.2908E+00  7.0837E-02  7.9239E-02 -6.8244E-02
  8.0000E+00  3.4829E+01  9.4485E-02  1.3924E+00  3.2908E+00  7.0837E-02  7.9239E-02 -6.8244E-02
  8.0000E+00  3.4829E+01  9.4485E-02  1.3924E+00  3.2908E+00  7.0837E-02  7.9239E-02 -6.8244E-02
  8.0000E+00  3.4829E+01  9.4485E-02  1.3924E+00  3.2908E+00  7.0837E-02  7.9239E-02 -6.8244E-02
  9.0000E+00  3.8747E+01  8.6199E-02  5.6643E+00  3.3399E+00  1.7745E-01 -1.2548E-02  1.3349E+00
  9.0000E+00  3.8747E+01  8.6199E-02  5.6643E+00  3.3399E+00  1.7745E-01 -1.2548E-02  1.3349E+00
  9.0000E+00  3.8747E+01  8.6199E-02  5.6643E+00  3.3399E+00  1.7745E-01 -1.2548E-02  1.3349E+00
  9.0000E+00  3.8747E+01  8.6199E-02  5.6643E+00  3.3399E+00  1.7745E-01 -1.2548E-02  1.3349E+00
  9.0000E+00  3.8747E+01  8.6199E-02  5.6643E+00  3.3399E+00  1.7745E-01 -1.2548E-02  1.3349E+00
  9.0000E+00  3.8747E+01  8.6199E-02  5.6643E+00  3.3399E+00  1.7745E-01 -1.2548E-02  1.3349E+00
  9.0000E+00  3.8747E+01  8.6199E-02  5.6643E+00  3.3399E+00  1.7745E-01 -1.2548E-02  1.3349E+00
  9.0000E+00  3.8747E+01  8.6199E-02  5.6643E+00  3.3399E+00  1.7745E-01 -1.2548E-02  1.3349E+00
  9.0000E+00  3.8747E+01  8.6199E-02  5.6643E+00  3.3399E+00  1.7745E-01 -1.2548E-02  1.3349E+00
  9.0000E+00  3.8747E+01  8.6199E-02  5.6643E+00  3.3399E+00  1.7745E-01 -1.2548E-02  1.3349E+00
  9.0000E+00  3.8747E+01  8.6199E-02  5.6643E+00  3.3399E+00  1.7745E-01 -1.2548E-02  1.3349E+00
  1.0000E+01  2.6183E+01  7.5190E-02  7.3061E-01  1.9687E+00 -2.1450E-01 -1.4919E-01 -7.1314E-01
  1.0000E+01  2.6183E+01  7.5190E-02  7.3061E-01  1.9687E+00 -2.1450E-01 -1.4919E-01 -7.1314E-01
  1.0000E+01  2.6183E+01  7.5190E-02  7.3061E-01  1.9687E+00 -2.1450E-01 -1.4919E-01 -7.1314E-01
  1.0000E+01  2.6183E+01  7.5190E-02  7.3061E-01  1.9687E+00 -2.1450E-01 -1.4919E-01 -7.1314E-01
  1.0000E+01  2.6183E+01  7.5190E-02  7.3061E-01  1.9687E+00 -2.1450E-01 -1.4919E-01 -7.1314E-01
  1.0000E+01  2.6183E+01  7.5190E-02  7.3061E-01  1.9687E+00 -2.1450E-01 -1.4919E-01 -7.1314E-01
  1.0000E+01  2.6183E+01  7.5190E-02  7.3061E-01  1.9687E+00 -2.1450E-01 -1.4919E-01 -7.1314E-01
  1.0000E+01  2.6183E+01  7.5190E-02  7.3061E-01  1.9687E+00 -2.1450E-01 -1.4919E-01 -7.1314E-01
  1.0000E+01  2.6183E+01  7.5190E-02  7.3061E-01  1.9687E+00 -2.1450E-01 -1.4919E-01 -7.1314E-01
  1.0000E+01  2.6183E+01  7.5190E-02  7.3061E-01  1.9687E+00 -2.1450E-01 -1.4919E-01 -7.1314E-01
  1.0000E+01  2.6183E+01  7.5190E-02  7.3061E-01  1.9687E+00 -2.1450E-01 -1.4919E-01 -7.1314E-01
  1.1000E+01  3.8704E+01  9.4352E-02  3.5425E+00  3.6518E+00  1.7634E-01  7.7834E-02  8.6558E-01
  1.1000E+01  3.8704E+01  9.4352E-02  3.5425E+00  3.6518E+00  1.7634E-01  7.7834E-02  8.6558E-01
  1.1000E+01  3.8704E+01  9.4352E-02  3.5425E+00  3.6518E+00  1.7634E-01  7.7834E-02  8.6558E-01
  1.1000E+01  3.8704E+01  9.4352E-02  3.5425E+00  3.6518E+00  1.7634E-01  7.7834E-02  8.6558E-01
  1.1000E+01  3.8704E+01  9.4352E-02  3.5425E+00  3.6518E+00  1.7634E-01  7.7834E-02  8.6558E-01
  1.1000E+01  3.8704E+01  9.4352E-02  3.5425E+00  3.6518E+00  1.7634E-01  7.7834E-02  8.6558E-01
  1.1000E+01  3.8704E+01  9.4352E-02  3.5425E+00  3.6518E+00  1.7634E-01  7.7834E-02  8.6558E-01
  1.1000E+01  3.8704E+01  9.4352E-02  3.5425E+00  3.6518E+00  1.7634E-01  7.7834E-02  8.6558E-01
  1.1000E+01  3.8704E+01  9.4352E-02  3.5425E+00  3.6518E+00  1.7634E-01  7.7834E-02  8.6558E-01
  1.1000E+01  3.8704E+01  9.4352E-02  3.5425E+00  3.6518E+00  1.7634E-01  7.7834E-02  8.6558E-01
  1.1000E+01  3.8704E+01  9.4352E-02  3.5425E+00  3.6518E+00  1.7634E-01  7.7834E-02  8.6558E-01
  1.2000E+01  2.8358E+01  8.4773E-02  9.0768E-01  2.4040E+00 -1.3468E-01 -2.9227E-02 -4.9612E-01
  1.2000E+01  2.8358E+01  8.4773E-02  9.0768E-01  2.4040E+00 -1.3468E-01 -2.9227E-02 -4.9612E-01
  1.2000E+01  2.8358E+01  8.4773E-02  9.0768E-01  2.4040E+00 -1.3468E-01 -2.9227E-02 -4.9612E-01
  1.2000E+01  2.8358E+01  8.4773E-02  9.0768E-01  2.4040E+00 -1.3468E-01 -2.9227E-02 -4.9612E-01
  1.2000E+01  2.8358E+01  8.4773E-02  9.0768E-01  2.4040E+00 -1.3468E-01 -2.9227E-02 -4.9612E-01
  1.2000E+01  2.8358E+01  8.4773E-02  9.0768E-01  2.4040E+00 -1.3468E-01 -2.9227E-02 -4.9612E-01
  1.2000E+01  2.8358E+01  8.4773E-02  9.0768E-01  2.4040E+00 -1.3468E-01 -2.9227E-02 -4.9612E-01
  1.2000E+01  2.8358E+01  8.4773E-02  9.0768E-01  2.4040E+00 -1.3468E-01 -2.9227E-02 -4.9612E-01
  1.2000E+01  2.8358E+01  8.4773E-02  9.0768E-01  2.4040E+00 -1.3468E-01 -2.9227E-02 -4.9612E-01
  1.2000E+01  2.8358E+01  8.4773E-02  9.0768E-01  2.4040E+00 -1.3468E-01 -2.9227E-02 -4.9612E-01
  1.2000E+01  2.8358E+01  8.4773E-02  9.0768E-01  2.4040E+00 -1.3468E-01 -2.9227E-02 -4.9612E-01
