TABLE NO.  1
 ID          TIME        MDV         IPRE        IWRE        CWRES       DV          PRED        RES         WRES
  1.0000E+00  0.0000E+00  1.0000E+00  1.8782E+01 -7.2947E+00  0.0000E+00  0.0000E+00  1.7773E+01  0.0000E+00  0.0000E+00
  1.0000E+00  2.0000E+00  0.0000E+00  1.8605E+01 -5.0805E-01 -4.8620E-01  1.7300E+01  1.7602E+01 -3.0232E-01 -4.8870E-01
  1.0000E+00  1.2500E+01  1.0000E+00  2.0335E+01 -7.7535E+00  0.0000E+00  0.0000E+00  1.9221E+01  0.0000E+00  0.0000E+00
  1.0000E+00  2.4500E+01  1.0000E+00  2.1843E+01 -8.1753E+00  0.0000E+00  0.0000E+00  2.0629E+01  0.0000E+00  0.0000E+00
  1.0000E+00  3.7000E+01  1.0000E+00  2.3220E+01 -8.5399E+00  0.0000E+00  0.0000E+00  2.1910E+01  0.0000E+00  0.0000E+00
  1.0000E+00  4.8000E+01  1.0000E+00  2.4674E+01 -8.9044E+00  0.0000E+00  0.0000E+00  2.3267E+01  0.0000E+00  0.0000E+00
  1.0000E+00  6.0500E+01  1.0000E+00  2.5889E+01 -9.1933E+00  0.0000E+00  0.0000E+00  2.4394E+01  0.0000E+00  0.0000E+00
  1.0000E+00  7.2500E+01  1.0000E+00  2.7092E+01 -9.4659E+00  0.0000E+00  0.0000E+00  2.5510E+01  0.0000E+00  0.0000E+00
  1.0000E+00  8.5300E+01  1.0000E+00  2.8131E+01 -9.6910E+00  0.0000E+00  0.0000E+00  2.6471E+01  0.0000E+00  0.0000E+00
  1.0000E+00  9.6500E+01  1.0000E+00  2.9311E+01 -9.9351E+00  0.0000E+00  0.0000E+00  2.7568E+01  0.0000E+00  0.0000E+00
  1.0000E+00  1.0850E+02  1.0000E+00  3.0325E+01 -1.0136E+01  0.0000E+00  0.0000E+00  2.8506E+01  0.0000E+00  0.0000E+00
  1.0000E+00  1.1250E+02  0.0000E+00  2.9758E+01  4.1846E-01  4.7153E-01  3.1000E+01  2.7961E+01  3.0386E+00  4.8074E-01
  2.0000E+00  0.0000E+00  1.0000E+00  1.2575E+01 -5.2070E+00  0.0000E+00  0.0000E+00  1.0664E+01  0.0000E+00  0.0000E+00
  2.0000E+00  2.0000E+00  0.0000E+00  1.2460E+01 -1.1440E+00 -1.0692E+00  9.7000E+00  1.0561E+01 -8.6139E-01 -1.0825E+00
  2.0000E+00  4.0000E+00  1.0000E+00  1.5532E+01 -6.2517E+00  0.0000E+00  0.0000E+00  1.3162E+01  0.0000E+00  0.0000E+00
  2.0000E+00  1.6000E+01  1.0000E+00  1.7887E+01 -7.0185E+00  0.0000E+00  0.0000E+00  1.5123E+01  0.0000E+00  0.0000E+00
  2.0000E+00  2.7800E+01  1.0000E+00  2.0131E+01 -7.6948E+00  0.0000E+00  0.0000E+00  1.6988E+01  0.0000E+00  0.0000E+00
  2.0000E+00  4.0000E+01  1.0000E+00  2.2223E+01 -8.2776E+00  0.0000E+00  0.0000E+00  1.8719E+01  0.0000E+00  0.0000E+00
  2.0000E+00  5.2000E+01  1.0000E+00  2.4220E+01 -8.7926E+00  0.0000E+00  0.0000E+00  2.0368E+01  0.0000E+00  0.0000E+00
  2.0000E+00  6.3500E+01  0.0000E+00  2.2977E+01  5.9889E-01  7.5182E-01  2.4600E+01  1.9269E+01  5.3310E+00  7.9026E-01
  2.0000E+00  6.4000E+01  1.0000E+00  2.6110E+01 -9.2444E+00  0.0000E+00  0.0000E+00  2.1924E+01  0.0000E+00  0.0000E+00
  2.0000E+00  7.6000E+01  1.0000E+00  2.7899E+01 -9.6414E+00  0.0000E+00  0.0000E+00  2.3393E+01  0.0000E+00  0.0000E+00
  2.0000E+00  8.8000E+01  1.0000E+00  2.9592E+01 -9.9914E+00  0.0000E+00  0.0000E+00  2.4779E+01  0.0000E+00  0.0000E+00
  2.0000E+00  1.0000E+02  1.0000E+00  3.1195E+01 -1.0301E+01  0.0000E+00  0.0000E+00  2.6087E+01  0.0000E+00  0.0000E+00
  2.0000E+00  1.1200E+02  1.0000E+00  3.2712E+01 -1.0575E+01  0.0000E+00  0.0000E+00  2.7322E+01  0.0000E+00  0.0000E+00
  2.0000E+00  1.2400E+02  1.0000E+00  3.4148E+01 -1.0819E+01  0.0000E+00  0.0000E+00  2.8487E+01  0.0000E+00  0.0000E+00
  2.0000E+00  1.3550E+02  0.0000E+00  3.2396E+01  1.9625E-01  4.2721E-01  3.3000E+01  2.6950E+01  6.0496E+00  4.6401E-01
  3.0000E+00  0.0000E+00  1.0000E+00  1.7580E+01 -6.9218E+00  0.0000E+00  0.0000E+00  2.1327E+01  0.0000E+00  0.0000E+00
  3.0000E+00  1.5000E+00  0.0000E+00  1.7445E+01  2.1873E-01  4.4652E-02  1.8000E+01  2.1174E+01 -3.1738E+00  3.8499E-02
  3.0000E+00  1.1500E+01  1.0000E+00  1.8744E+01 -7.2832E+00  0.0000E+00  0.0000E+00  2.2807E+01  0.0000E+00  0.0000E+00
  3.0000E+00  2.3500E+01  1.0000E+00  1.9797E+01 -7.5975E+00  0.0000E+00  0.0000E+00  2.4155E+01  0.0000E+00  0.0000E+00
  3.0000E+00  3.5500E+01  1.0000E+00  2.0787E+01 -7.8825E+00  0.0000E+00  0.0000E+00  2.5428E+01  0.0000E+00  0.0000E+00
  3.0000E+00  4.7500E+01  1.0000E+00  2.1719E+01 -8.1413E+00  0.0000E+00  0.0000E+00  2.6628E+01  0.0000E+00  0.0000E+00
  3.0000E+00  5.9300E+01  1.0000E+00  2.2616E+01 -8.3821E+00  0.0000E+00  0.0000E+00  2.7786E+01  0.0000E+00  0.0000E+00
  3.0000E+00  7.3000E+01  1.0000E+00  2.3254E+01 -8.5486E+00  0.0000E+00  0.0000E+00  2.8640E+01  0.0000E+00  0.0000E+00
  3.0000E+00  8.3500E+01  0.0000E+00  2.2039E+01  6.5749E-01  4.1489E-01  2.3800E+01  2.7226E+01 -3.4256E+00  3.8088E-01
  3.0000E+00  8.4000E+01  1.0000E+00  2.4151E+01 -8.7756E+00  0.0000E+00  0.0000E+00  2.9790E+01  0.0000E+00  0.0000E+00
  3.0000E+00  9.6500E+01  1.0000E+00  2.4824E+01 -8.9408E+00  0.0000E+00  0.0000E+00  3.0678E+01  0.0000E+00  0.0000E+00
  3.0000E+00  1.0850E+02  1.0000E+00  2.5515E+01 -9.1060E+00  0.0000E+00  0.0000E+00  3.1584E+01  0.0000E+00  0.0000E+00
  3.0000E+00  1.2000E+02  1.0000E+00  2.6227E+01 -9.2712E+00  0.0000E+00  0.0000E+00  3.2510E+01  0.0000E+00  0.0000E+00
  3.0000E+00  1.3200E+02  1.0000E+00  2.6835E+01 -9.4087E+00  0.0000E+00  0.0000E+00  3.3313E+01  0.0000E+00  0.0000E+00
  3.0000E+00  1.3430E+02  0.0000E+00  2.6521E+01 -7.8200E-01 -1.0800E+00  2.4300E+01  3.2945E+01 -8.6451E+00 -9.7402E-01
  4.0000E+00  0.0000E+00  1.0000E+00  2.0238E+01 -7.7256E+00  0.0000E+00  0.0000E+00  1.3223E+01  0.0000E+00  0.0000E+00
  4.0000E+00  1.8000E+00  0.0000E+00  2.0082E+01  2.7465E-01  6.5031E-01  2.0800E+01  1.3109E+01  7.6912E+00  7.5754E-01
  4.0000E+00  1.2000E+01  1.0000E+00  2.1725E+01 -8.1429E+00  0.0000E+00  0.0000E+00  1.4115E+01  0.0000E+00  0.0000E+00
  4.0000E+00  2.4300E+01  1.0000E+00  2.3110E+01 -8.5115E+00  0.0000E+00  0.0000E+00  1.4937E+01  0.0000E+00  0.0000E+00
  4.0000E+00  3.5800E+01  1.0000E+00  2.4500E+01 -8.8619E+00  0.0000E+00  0.0000E+00  1.5766E+01  0.0000E+00  0.0000E+00
  4.0000E+00  4.8100E+01  1.0000E+00  2.5743E+01 -9.1595E+00  0.0000E+00  0.0000E+00  1.6493E+01  0.0000E+00  0.0000E+00
  4.0000E+00  5.9300E+01  0.0000E+00  2.4536E+01 -2.2985E-01  2.5244E-01  2.3900E+01  1.5626E+01  8.2739E+00  3.6239E-01
  4.0000E+00  5.9800E+01  1.0000E+00  2.6986E+01 -9.4424E+00  0.0000E+00  0.0000E+00  1.7224E+01  0.0000E+00  0.0000E+00
  4.0000E+00  7.1800E+01  1.0000E+00  2.8134E+01 -9.6915E+00  0.0000E+00  0.0000E+00  1.7890E+01  0.0000E+00  0.0000E+00
  4.0000E+00  8.3800E+01  1.0000E+00  2.9225E+01 -9.9176E+00  0.0000E+00  0.0000E+00  1.8519E+01  0.0000E+00  0.0000E+00
  4.0000E+00  9.5800E+01  1.0000E+00  3.0261E+01 -1.0123E+01  0.0000E+00  0.0000E+00  1.9113E+01  0.0000E+00  0.0000E+00
  4.0000E+00  1.0780E+02  1.0000E+00  3.1245E+01 -1.0310E+01  0.0000E+00  0.0000E+00  1.9674E+01  0.0000E+00  0.0000E+00
  4.0000E+00  1.1980E+02  1.0000E+00  3.2179E+01 -1.0481E+01  0.0000E+00  0.0000E+00  2.0203E+01  0.0000E+00  0.0000E+00
  4.0000E+00  1.3080E+02  0.0000E+00  3.0696E+01  3.3380E-01  9.5902E-01  3.1700E+01  1.9159E+01  1.2541E+01  1.2117E+00
  5.0000E+00  0.0000E+00  1.0000E+00  1.4847E+01 -6.0178E+00  0.0000E+00  0.0000E+00  1.9195E+01  0.0000E+00  0.0000E+00
  5.0000E+00  2.0000E+00  0.0000E+00  1.4694E+01 -2.0068E-01 -4.5522E-01  1.4200E+01  1.9011E+01 -4.8105E+00 -4.2230E-01
  5.0000E+00  1.2000E+01  1.0000E+00  1.5823E+01 -6.3495E+00  0.0000E+00  0.0000E+00  2.0533E+01  0.0000E+00  0.0000E+00
  5.0000E+00  2.4000E+01  1.0000E+00  1.6739E+01 -6.6521E+00  0.0000E+00  0.0000E+00  2.1795E+01  0.0000E+00  0.0000E+00
  5.0000E+00  3.6000E+01  1.0000E+00  1.7600E+01 -6.9284E+00  0.0000E+00  0.0000E+00  2.2987E+01  0.0000E+00  0.0000E+00
  5.0000E+00  4.8000E+01  1.0000E+00  1.8410E+01 -7.1808E+00  0.0000E+00  0.0000E+00  2.4112E+01  0.0000E+00  0.0000E+00
  5.0000E+00  5.9500E+01  0.0000E+00  1.7345E+01  3.3735E-01  1.8980E-02  1.8200E+01  2.2811E+01 -4.6108E+00  3.3002E-02
  5.0000E+00  6.0000E+01  1.0000E+00  1.9170E+01 -7.4118E+00  0.0000E+00  0.0000E+00  2.5173E+01  0.0000E+00  0.0000E+00
  5.0000E+00  7.2000E+01  1.0000E+00  1.9885E+01 -7.6233E+00  0.0000E+00  0.0000E+00  2.6175E+01  0.0000E+00  0.0000E+00
  5.0000E+00  8.4000E+01  1.0000E+00  2.0557E+01 -7.8171E+00  0.0000E+00  0.0000E+00  2.7120E+01  0.0000E+00  0.0000E+00
  5.0000E+00  9.6000E+01  1.0000E+00  2.1188E+01 -7.9950E+00  0.0000E+00  0.0000E+00  2.8012E+01  0.0000E+00  0.0000E+00
  5.0000E+00  1.0800E+02  1.0000E+00  2.1781E+01 -8.1584E+00  0.0000E+00  0.0000E+00  2.8854E+01  0.0000E+00  0.0000E+00
  5.0000E+00  1.2000E+02  1.0000E+00  2.2339E+01 -8.3087E+00  0.0000E+00  0.0000E+00  2.9649E+01  0.0000E+00  0.0000E+00
  5.0000E+00  1.3200E+02  0.0000E+00  2.0993E+01 -2.6214E-01 -6.6314E-01  2.0300E+01  2.7982E+01 -7.6821E+00 -5.7978E-01
  6.0000E+00  0.0000E+00  1.0000E+00  1.8726E+01 -7.2777E+00  0.0000E+00  0.0000E+00  1.7062E+01  0.0000E+00  0.0000E+00
  6.0000E+00  1.8000E+00  0.0000E+00  1.8570E+01  1.6738E-01  2.4688E-01  1.9000E+01  1.6915E+01  2.0855E+00  2.5170E-01
  6.0000E+00  1.1800E+01  1.0000E+00  2.0067E+01 -7.6763E+00  0.0000E+00  0.0000E+00  1.8251E+01  0.0000E+00  0.0000E+00
  6.0000E+00  2.3800E+01  1.0000E+00  2.1319E+01 -8.0314E+00  0.0000E+00  0.0000E+00  1.9358E+01  0.0000E+00  0.0000E+00
  6.0000E+00  3.5800E+01  1.0000E+00  2.2503E+01 -8.3524E+00  0.0000E+00  0.0000E+00  2.0402E+01  0.0000E+00  0.0000E+00
  6.0000E+00  4.7800E+01  1.0000E+00  2.3623E+01 -8.6429E+00  0.0000E+00  0.0000E+00  2.1387E+01  0.0000E+00  0.0000E+00
  6.0000E+00  5.9300E+01  0.0000E+00  2.2393E+01 -1.8931E+00 -1.7829E+00  1.7300E+01  2.0234E+01 -2.9337E+00 -1.8189E+00
  6.0000E+00  5.9800E+01  1.0000E+00  2.4682E+01 -8.9063E+00  0.0000E+00  0.0000E+00  2.2318E+01  0.0000E+00  0.0000E+00
  6.0000E+00  7.1800E+01  1.0000E+00  2.5684E+01 -9.1455E+00  0.0000E+00  0.0000E+00  2.3196E+01  0.0000E+00  0.0000E+00
  6.0000E+00  8.3800E+01  1.0000E+00  2.6631E+01 -9.3630E+00  0.0000E+00  0.0000E+00  2.4024E+01  0.0000E+00  0.0000E+00
  6.0000E+00  9.5800E+01  1.0000E+00  2.7527E+01 -9.5612E+00  0.0000E+00  0.0000E+00  2.4806E+01  0.0000E+00  0.0000E+00
  6.0000E+00  1.0780E+02  1.0000E+00  2.8374E+01 -9.7421E+00  0.0000E+00  0.0000E+00  2.5544E+01  0.0000E+00  0.0000E+00
  6.0000E+00  1.2010E+02  1.0000E+00  2.9138E+01 -9.8999E+00  0.0000E+00  0.0000E+00  2.6206E+01  0.0000E+00  0.0000E+00
  6.0000E+00  1.3180E+02  1.0000E+00  2.9936E+01 -1.0060E+01  0.0000E+00  0.0000E+00  2.6901E+01  0.0000E+00  0.0000E+00
  6.0000E+00  1.4280E+02  0.0000E+00  2.8444E+01  1.3915E+00  1.5460E+00  3.2500E+01  2.5511E+01  6.9890E+00  1.5961E+00
  7.0000E+00  0.0000E+00  1.0000E+00  1.7590E+01 -6.9251E+00  0.0000E+00  0.0000E+00  1.3507E+01  0.0000E+00  0.0000E+00
  7.0000E+00  2.0000E+00  0.0000E+00  1.7432E+01  1.8450E-01  4.1404E-01  1.7900E+01  1.3378E+01  4.5222E+00  4.5355E-01
  7.0000E+00  1.1300E+01  1.0000E+00  1.8939E+01 -7.3422E+00  0.0000E+00  0.0000E+00  1.4497E+01  0.0000E+00  0.0000E+00
  7.0000E+00  2.3300E+01  1.0000E+00  2.0164E+01 -7.7044E+00  0.0000E+00  0.0000E+00  1.5388E+01  0.0000E+00  0.0000E+00
  7.0000E+00  3.6500E+01  1.0000E+00  2.1222E+01 -8.0045E+00  0.0000E+00  0.0000E+00  1.6145E+01  0.0000E+00  0.0000E+00
  7.0000E+00  4.8200E+01  1.0000E+00  2.2355E+01 -8.3130E+00  0.0000E+00  0.0000E+00  1.6966E+01  0.0000E+00  0.0000E+00
  7.0000E+00  6.0300E+01  1.0000E+00  2.3391E+01 -8.5838E+00  0.0000E+00  0.0000E+00  1.7710E+01  0.0000E+00  0.0000E+00
  7.0000E+00  7.3800E+01  0.0000E+00  2.2011E+01  5.1864E-01  8.2263E-01  2.3400E+01  1.6594E+01  6.8058E+00  9.0744E-01
  7.0000E+00  7.5800E+01  1.0000E+00  2.4036E+01 -8.7469E+00  0.0000E+00  0.0000E+00  1.8141E+01  0.0000E+00  0.0000E+00
  7.0000E+00  8.4300E+01  1.0000E+00  2.5355E+01 -9.0680E+00  0.0000E+00  0.0000E+00  1.9119E+01  0.0000E+00  0.0000E+00
  7.0000E+00  9.6300E+01  1.0000E+00  2.6243E+01 -9.2749E+00  0.0000E+00  0.0000E+00  1.9750E+01  0.0000E+00  0.0000E+00
  7.0000E+00  1.0830E+02  1.0000E+00  2.7084E+01 -9.4642E+00  0.0000E+00  0.0000E+00  2.0346E+01  0.0000E+00  0.0000E+00
  7.0000E+00  1.2030E+02  1.0000E+00  2.7881E+01 -9.6376E+00  0.0000E+00  0.0000E+00  2.0908E+01  0.0000E+00  0.0000E+00
  7.0000E+00  1.3230E+02  1.0000E+00  2.8636E+01 -9.7968E+00  0.0000E+00  0.0000E+00  2.1439E+01  0.0000E+00  0.0000E+00
  7.0000E+00  1.4450E+02  1.0000E+00  2.9327E+01 -9.9382E+00  0.0000E+00  0.0000E+00  2.1920E+01  0.0000E+00  0.0000E+00
  7.0000E+00  1.6530E+02  0.0000E+00  2.6704E+01 -3.1761E-01  6.5460E-02  2.5800E+01  1.9828E+01  5.9722E+00  1.1488E-01
  8.0000E+00  0.0000E+00  1.0000E+00  2.3704E+01 -8.6635E+00  0.0000E+00  0.0000E+00  1.7062E+01  0.0000E+00  0.0000E+00
  8.0000E+00  1.7000E+00  0.0000E+00  2.3525E+01  8.3344E-01  1.1546E+00  2.5800E+01  1.6923E+01  8.8773E+00  1.2774E+00
  8.0000E+00  1.1800E+01  1.0000E+00  2.5450E+01 -9.0906E+00  0.0000E+00  0.0000E+00  1.8251E+01  0.0000E+00  0.0000E+00
  8.0000E+00  2.3700E+01  1.0000E+00  2.7095E+01 -9.4667E+00  0.0000E+00  0.0000E+00  1.9366E+01  0.0000E+00  0.0000E+00
  8.0000E+00  3.5700E+01  1.0000E+00  2.8644E+01 -9.7985E+00  0.0000E+00  0.0000E+00  2.0410E+01  0.0000E+00  0.0000E+00
  8.0000E+00  4.7700E+01  1.0000E+00  3.0112E+01 -1.0094E+01  0.0000E+00  0.0000E+00  2.1395E+01  0.0000E+00  0.0000E+00
  8.0000E+00  5.9700E+01  1.0000E+00  3.1503E+01 -1.0358E+01  0.0000E+00  0.0000E+00  2.2325E+01  0.0000E+00  0.0000E+00
  8.0000E+00  7.1700E+01  1.0000E+00  3.2822E+01 -1.0594E+01  0.0000E+00  0.0000E+00  2.3202E+01  0.0000E+00  0.0000E+00
  8.0000E+00  7.3700E+01  0.0000E+00  3.2530E+01  5.4122E-01  9.8861E-01  3.4200E+01  2.2979E+01  1.1221E+01  1.1559E+00
  8.0000E+00  8.3700E+01  1.0000E+00  3.4072E+01 -1.0807E+01  0.0000E+00  0.0000E+00  2.4030E+01  0.0000E+00  0.0000E+00
  8.0000E+00  9.5700E+01  1.0000E+00  3.5256E+01 -1.0998E+01  0.0000E+00  0.0000E+00  2.4812E+01  0.0000E+00  0.0000E+00
  8.0000E+00  1.0770E+02  1.0000E+00  3.6379E+01 -1.1170E+01  0.0000E+00  0.0000E+00  2.5550E+01  0.0000E+00  0.0000E+00
  8.0000E+00  1.1970E+02  1.0000E+00  3.7443E+01 -1.1327E+01  0.0000E+00  0.0000E+00  2.6246E+01  0.0000E+00  0.0000E+00
  8.0000E+00  1.3170E+02  1.0000E+00  3.8452E+01 -1.1468E+01  0.0000E+00  0.0000E+00  2.6903E+01  0.0000E+00  0.0000E+00
  8.0000E+00  1.4370E+02  1.0000E+00  3.9408E+01 -1.1597E+01  0.0000E+00  0.0000E+00  2.7523E+01  0.0000E+00  0.0000E+00
  8.0000E+00  1.4670E+02  0.0000E+00  3.8883E+01 -8.2513E-01 -2.8775E-01  3.6100E+01  2.7128E+01  8.9723E+00 -2.9051E-01
  9.0000E+00  0.0000E+00  1.0000E+00  2.3108E+01 -8.5109E+00  0.0000E+00  0.0000E+00  1.9195E+01  0.0000E+00  0.0000E+00
  9.0000E+00  1.1000E+00  0.0000E+00  2.2995E+01 -3.3004E-01 -2.0550E-01  2.2100E+01  1.9093E+01  3.0068E+00 -2.0897E-01
  9.0000E+00  1.1100E+01  1.0000E+00  2.4729E+01 -8.9176E+00  0.0000E+00  0.0000E+00  2.0469E+01  0.0000E+00  0.0000E+00
  9.0000E+00  2.2300E+01  1.0000E+00  2.6260E+01 -9.2789E+00  0.0000E+00  0.0000E+00  2.1668E+01  0.0000E+00  0.0000E+00
  9.0000E+00  3.4600E+01  1.0000E+00  2.7595E+01 -9.5759E+00  0.0000E+00  0.0000E+00  2.2695E+01  0.0000E+00  0.0000E+00
  9.0000E+00  4.6600E+01  1.0000E+00  2.8893E+01 -9.8498E+00  0.0000E+00  0.0000E+00  2.3694E+01  0.0000E+00  0.0000E+00
  9.0000E+00  5.8700E+01  1.0000E+00  3.0111E+01 -1.0094E+01  0.0000E+00  0.0000E+00  2.4626E+01  0.0000E+00  0.0000E+00
  9.0000E+00  7.0900E+01  1.0000E+00  3.1252E+01 -1.0311E+01  0.0000E+00  0.0000E+00  2.5494E+01  0.0000E+00  0.0000E+00
  9.0000E+00  8.2700E+01  0.0000E+00  2.9647E+01 -1.5068E-01  6.0022E-02  2.9200E+01  2.4083E+01  5.1165E+00  8.1899E-02
  9.0000E+00  8.3200E+01  1.0000E+00  3.2319E+01 -1.0506E+01  0.0000E+00  0.0000E+00  2.6300E+01  0.0000E+00  0.0000E+00
  9.0000E+00  9.4600E+01  1.0000E+00  3.3453E+01 -1.0703E+01  0.0000E+00  0.0000E+00  2.7169E+01  0.0000E+00  0.0000E+00
  9.0000E+00  1.0660E+02  1.0000E+00  3.4445E+01 -1.0868E+01  0.0000E+00  0.0000E+00  2.7916E+01  0.0000E+00  0.0000E+00
  9.0000E+00  1.1860E+02  1.0000E+00  3.5385E+01 -1.1018E+01  0.0000E+00  0.0000E+00  2.8621E+01  0.0000E+00  0.0000E+00
  9.0000E+00  1.3060E+02  1.0000E+00  3.6277E+01 -1.1155E+01  0.0000E+00  0.0000E+00  2.9287E+01  0.0000E+00  0.0000E+00
  9.0000E+00  1.4210E+02  0.0000E+00  3.4460E+01 -8.1861E-02  1.8891E-01  3.4200E+01  2.7707E+01  6.4931E+00  2.2888E-01
  9.0000E+00  1.4260E+02  1.0000E+00  3.7121E+01 -1.1280E+01  0.0000E+00  0.0000E+00  2.9915E+01  0.0000E+00  0.0000E+00
  9.0000E+00  3.1260E+02  0.0000E+00  1.7367E+01  8.8151E-01  1.0975E+00  1.9600E+01  1.3178E+01  6.4219E+00  1.2003E+00
  1.0000E+01  0.0000E+00  1.0000E+00  1.9494E+01 -7.5083E+00  0.0000E+00  0.0000E+00  1.9195E+01  0.0000E+00  0.0000E+00
  1.0000E+01  1.2000E+00  0.0000E+00  1.9382E+01  1.9971E-01  1.8899E-01  1.9900E+01  1.9084E+01  8.1601E-01  1.8945E-01
  1.0000E+01  1.1200E+01  1.0000E+00  2.1001E+01 -7.9427E+00  0.0000E+00  0.0000E+00  2.0674E+01  0.0000E+00  0.0000E+00
  1.0000E+01  2.3200E+01  1.0000E+00  2.2353E+01 -8.3124E+00  0.0000E+00  0.0000E+00  2.2000E+01  0.0000E+00  0.0000E+00
  1.0000E+01  3.5300E+01  1.0000E+00  2.3619E+01 -8.6419E+00  0.0000E+00  0.0000E+00  2.3241E+01  0.0000E+00  0.0000E+00
  1.0000E+01  4.7200E+01  1.0000E+00  2.4835E+01 -8.9434E+00  0.0000E+00  0.0000E+00  2.4433E+01  0.0000E+00  0.0000E+00
  1.0000E+01  5.9200E+01  1.0000E+00  2.5972E+01 -9.2126E+00  0.0000E+00  0.0000E+00  2.5547E+01  0.0000E+00  0.0000E+00
  1.0000E+01  7.0700E+01  0.0000E+00  2.4578E+01 -4.2553E-01 -4.3737E-01  2.3400E+01  2.4169E+01 -7.6903E-01 -4.3502E-01
  1.0000E+01  7.1200E+01  1.0000E+00  2.7046E+01 -9.4557E+00  0.0000E+00  0.0000E+00  2.6599E+01  0.0000E+00  0.0000E+00
  1.0000E+01  8.3200E+01  1.0000E+00  2.8059E+01 -9.6757E+00  0.0000E+00  0.0000E+00  2.7592E+01  0.0000E+00  0.0000E+00
  1.0000E+01  9.5200E+01  1.0000E+00  2.9016E+01 -9.8751E+00  0.0000E+00  0.0000E+00  2.8528E+01  0.0000E+00  0.0000E+00
  1.0000E+01  1.0720E+02  1.0000E+00  2.9919E+01 -1.0056E+01  0.0000E+00  0.0000E+00  2.9413E+01  0.0000E+00  0.0000E+00
  1.0000E+01  1.1920E+02  1.0000E+00  3.0772E+01 -1.0221E+01  0.0000E+00  0.0000E+00  3.0247E+01  0.0000E+00  0.0000E+00
  1.0000E+01  1.3120E+02  1.0000E+00  3.1577E+01 -1.0372E+01  0.0000E+00  0.0000E+00  3.1035E+01  0.0000E+00  0.0000E+00
  1.0000E+01  1.4220E+02  0.0000E+00  2.9954E+01  3.1798E-01  3.0609E-01  3.0900E+01  2.9431E+01  1.4688E+00  3.0469E-01
  1.1000E+01  0.0000E+00  1.0000E+00  1.3226E+01 -5.4446E+00  0.0000E+00  0.0000E+00  1.7062E+01  0.0000E+00  0.0000E+00
  1.1000E+01  1.1500E+01  1.0000E+00  2.5688E+01 -9.1464E+00  0.0000E+00  0.0000E+00  3.3204E+01  0.0000E+00  0.0000E+00
  1.1000E+01  2.3500E+01  1.0000E+00  2.5795E+01 -9.1715E+00  0.0000E+00  0.0000E+00  3.3469E+01  0.0000E+00  0.0000E+00
  1.1000E+01  3.5500E+01  1.0000E+00  2.5896E+01 -9.1950E+00  0.0000E+00  0.0000E+00  3.3720E+01  0.0000E+00  0.0000E+00
  1.1000E+01  4.7500E+01  1.0000E+00  2.5991E+01 -9.2170E+00  0.0000E+00  0.0000E+00  3.3957E+01  0.0000E+00  0.0000E+00
  1.1000E+01  5.7500E+01  0.0000E+00  2.4681E+01 -1.3755E-01 -6.6084E-01  2.4300E+01  3.2358E+01 -8.0583E+00 -5.8099E-01
  1.2000E+01  0.0000E+00  1.0000E+00  2.0011E+01 -7.6599E+00  0.0000E+00  0.0000E+00  1.8484E+01  0.0000E+00  0.0000E+00
  1.2000E+01  2.0000E+00  0.0000E+00  1.9826E+01 -1.0841E+00 -1.0603E+00  1.7000E+01  1.8306E+01 -1.3064E+00 -1.0756E+00
  1.2000E+01  1.2000E+01  1.0000E+00  2.1466E+01 -8.0721E+00  0.0000E+00  0.0000E+00  1.9791E+01  0.0000E+00  0.0000E+00
  1.2000E+01  1.3000E+01  1.0000E+00  2.5215E+01 -9.0348E+00  0.0000E+00  0.0000E+00  2.3250E+01  0.0000E+00  0.0000E+00
  1.2000E+01  2.4500E+01  1.0000E+00  2.6444E+01 -9.3208E+00  0.0000E+00  0.0000E+00  2.4342E+01  0.0000E+00  0.0000E+00
  1.2000E+01  3.6000E+01  1.0000E+00  2.7609E+01 -9.5792E+00  0.0000E+00  0.0000E+00  2.5375E+01  0.0000E+00  0.0000E+00
  1.2000E+01  4.8500E+01  1.0000E+00  2.8593E+01 -9.7879E+00  0.0000E+00  0.0000E+00  2.6236E+01  0.0000E+00  0.0000E+00
  1.2000E+01  6.0000E+01  1.0000E+00  2.9646E+01 -1.0002E+01  0.0000E+00  0.0000E+00  2.7167E+01  0.0000E+00  0.0000E+00
  1.2000E+01  7.2000E+01  1.0000E+00  3.0580E+01 -1.0185E+01  0.0000E+00  0.0000E+00  2.7985E+01  0.0000E+00  0.0000E+00
  1.2000E+01  8.4000E+01  1.0000E+00  3.1463E+01 -1.0351E+01  0.0000E+00  0.0000E+00  2.8758E+01  0.0000E+00  0.0000E+00
  1.2000E+01  9.6000E+01  1.0000E+00  3.2298E+01 -1.0502E+01  0.0000E+00  0.0000E+00  2.9487E+01  0.0000E+00  0.0000E+00
  1.2000E+01  1.0800E+02  1.0000E+00  3.3088E+01 -1.0641E+01  0.0000E+00  0.0000E+00  3.0175E+01  0.0000E+00  0.0000E+00
  1.2000E+01  1.2000E+02  1.0000E+00  3.3835E+01 -1.0767E+01  0.0000E+00  0.0000E+00  3.0824E+01  0.0000E+00  0.0000E+00
  1.2000E+01  1.3220E+02  0.0000E+00  3.1972E+01  6.9501E-01  7.7988E-01  3.4100E+01  2.9063E+01  5.0368E+00  8.0470E-01
  1.2000E+01  1.3250E+02  1.0000E+00  3.4468E+01 -1.0872E+01  0.0000E+00  0.0000E+00  3.1367E+01  0.0000E+00  0.0000E+00
  1.2000E+01  3.0250E+02  0.0000E+00  1.5657E+01  1.3803E-01  2.1584E-01  1.6000E+01  1.3818E+01  2.1823E+00  2.3062E-01
  1.3000E+01  0.0000E+00  1.0000E+00  1.1769E+01 -4.9072E+00  0.0000E+00  0.0000E+00  7.8201E+00  0.0000E+00  0.0000E+00
  1.3000E+01  1.2000E+01  1.0000E+00  2.2944E+01 -8.4682E+00  0.0000E+00  0.0000E+00  1.5200E+01  0.0000E+00  0.0000E+00
  1.3000E+01  2.5000E+01  1.0000E+00  2.4689E+01 -8.9080E+00  0.0000E+00  0.0000E+00  1.6267E+01  0.0000E+00  0.0000E+00
  1.3000E+01  3.6500E+01  0.0000E+00  2.3495E+01  2.2188E-01  6.4766E-01  2.4100E+01  1.5390E+01  8.7102E+00  7.6556E-01
  1.3000E+01  3.7000E+01  1.0000E+00  2.6440E+01 -9.3198E+00  0.0000E+00  0.0000E+00  1.7343E+01  0.0000E+00  0.0000E+00
  1.3000E+01  4.9000E+01  1.0000E+00  2.8102E+01 -9.6848E+00  0.0000E+00  0.0000E+00  1.8359E+01  0.0000E+00  0.0000E+00
  1.3000E+01  6.1000E+01  1.0000E+00  2.9681E+01 -1.0009E+01  0.0000E+00  0.0000E+00  1.9317E+01  0.0000E+00  0.0000E+00
  1.3000E+01  7.4000E+01  1.0000E+00  3.1059E+01 -1.0275E+01  0.0000E+00  0.0000E+00  2.0134E+01  0.0000E+00  0.0000E+00
  1.3000E+01  8.5000E+01  1.0000E+00  3.2616E+01 -1.0558E+01  0.0000E+00  0.0000E+00  2.1084E+01  0.0000E+00  0.0000E+00
  1.3000E+01  9.8000E+01  1.0000E+00  3.3834E+01 -1.0767E+01  0.0000E+00  0.0000E+00  2.1793E+01  0.0000E+00  0.0000E+00
  1.3000E+01  1.1000E+02  1.0000E+00  3.5123E+01 -1.0977E+01  0.0000E+00  0.0000E+00  2.2559E+01  0.0000E+00  0.0000E+00
  1.3000E+01  1.2130E+02  1.0000E+00  3.6449E+01 -1.1181E+01  0.0000E+00  0.0000E+00  2.3353E+01  0.0000E+00  0.0000E+00
  1.3000E+01  1.3400E+02  1.0000E+00  3.7502E+01 -1.1335E+01  0.0000E+00  0.0000E+00  2.3956E+01  0.0000E+00  0.0000E+00
  1.3000E+01  1.4500E+02  1.0000E+00  3.8761E+01 -1.1510E+01  0.0000E+00  0.0000E+00  2.4709E+01  0.0000E+00  0.0000E+00
  1.3000E+01  1.5700E+02  1.0000E+00  3.9802E+01 -1.1649E+01  0.0000E+00  0.0000E+00  2.5310E+01  0.0000E+00  0.0000E+00
  1.3000E+01  1.6900E+02  0.0000E+00  3.7795E+01  1.2180E-01  8.4871E-01  3.8200E+01  2.3887E+01  1.4313E+01  1.0896E+00
  1.4000E+01  0.0000E+00  1.0000E+00  2.0150E+01 -7.7003E+00  0.0000E+00  0.0000E+00  1.5640E+01  0.0000E+00  0.0000E+00
  1.4000E+01  2.3000E+00  0.0000E+00  1.9934E+01  2.1710E+00  2.4848E+00  2.5600E+01  1.5468E+01  1.0132E+01  2.6333E+00
  1.4000E+01  1.1800E+01  1.0000E+00  2.1629E+01 -8.1168E+00  0.0000E+00  0.0000E+00  1.6766E+01  0.0000E+00  0.0000E+00
  1.4000E+01  2.3800E+01  1.0000E+00  2.3009E+01 -8.4852E+00  0.0000E+00  0.0000E+00  1.7813E+01  0.0000E+00  0.0000E+00
  1.4000E+01  3.5800E+01  1.0000E+00  2.4314E+01 -8.8159E+00  0.0000E+00  0.0000E+00  1.8802E+01  0.0000E+00  0.0000E+00
  1.4000E+01  4.7800E+01  1.0000E+00  2.5547E+01 -9.1134E+00  0.0000E+00  0.0000E+00  1.9736E+01  0.0000E+00  0.0000E+00
  1.4000E+01  5.9300E+01  0.0000E+00  2.4205E+01  5.0671E-01  8.6190E-01  2.5600E+01  1.8671E+01  6.9289E+00  9.4629E-01
  1.4000E+01  5.9800E+01  1.0000E+00  2.6712E+01 -9.3813E+00  0.0000E+00  0.0000E+00  2.0617E+01  0.0000E+00  0.0000E+00
  1.4000E+01  7.1800E+01  1.0000E+00  2.7814E+01 -9.6233E+00  0.0000E+00  0.0000E+00  2.1448E+01  0.0000E+00  0.0000E+00
  1.4000E+01  8.3800E+01  1.0000E+00  2.8856E+01 -9.8422E+00  0.0000E+00  0.0000E+00  2.2233E+01  0.0000E+00  0.0000E+00
  1.4000E+01  9.5800E+01  1.0000E+00  2.9840E+01 -1.0041E+01  0.0000E+00  0.0000E+00  2.2973E+01  0.0000E+00  0.0000E+00
  1.4000E+01  1.0730E+02  1.0000E+00  3.0837E+01 -1.0233E+01  0.0000E+00  0.0000E+00  2.3724E+01  0.0000E+00  0.0000E+00
  1.4000E+01  1.1980E+02  1.0000E+00  3.1644E+01 -1.0384E+01  0.0000E+00  0.0000E+00  2.4327E+01  0.0000E+00  0.0000E+00
  1.4000E+01  1.3150E+02  0.0000E+00  2.9954E+01 -1.4290E+00 -1.0179E+00  2.5700E+01  2.2993E+01  2.7075E+00 -1.0823E+00
  1.4000E+01  1.3180E+02  1.0000E+00  3.2476E+01 -1.0534E+01  0.0000E+00  0.0000E+00  2.4950E+01  0.0000E+00  0.0000E+00
  1.4000E+01  1.4380E+02  1.0000E+00  3.3262E+01 -1.0670E+01  0.0000E+00  0.0000E+00  2.5538E+01  0.0000E+00  0.0000E+00
  1.4000E+01  3.0330E+02  0.0000E+00  1.5735E+01 -5.7629E-01 -3.9887E-01  1.4300E+01  1.1834E+01  2.4660E+00 -3.8214E-01
  1.5000E+01  0.0000E+00  1.0000E+00  1.9069E+01 -7.3814E+00  0.0000E+00  0.0000E+00  1.8484E+01  0.0000E+00  0.0000E+00
  1.5000E+01  1.2200E+01  1.0000E+00  2.0410E+01 -7.7751E+00  0.0000E+00  0.0000E+00  1.9774E+01  0.0000E+00  0.0000E+00
  1.5000E+01  2.2200E+01  0.0000E+00  1.9458E+01 -6.0792E-02 -5.2884E-02  1.9300E+01  1.8843E+01  4.5719E-01 -5.2247E-02
  1.5000E+01  2.4200E+01  1.0000E+00  2.1693E+01 -8.1343E+00  0.0000E+00  0.0000E+00  2.1008E+01  0.0000E+00  0.0000E+00
  1.5000E+01  3.6200E+01  1.0000E+00  2.2905E+01 -8.4580E+00  0.0000E+00  0.0000E+00  2.2173E+01  0.0000E+00  0.0000E+00
  1.5000E+01  4.7800E+01  1.0000E+00  2.4091E+01 -8.7606E+00  0.0000E+00  0.0000E+00  2.3313E+01  0.0000E+00  0.0000E+00
  1.5000E+01  7.0200E+01  1.0000E+00  2.4066E+01 -8.7545E+00  0.0000E+00  0.0000E+00  2.3272E+01  0.0000E+00  0.0000E+00
  1.5000E+01  8.5600E+01  1.0000E+00  2.4780E+01 -8.9301E+00  0.0000E+00  0.0000E+00  2.3952E+01  0.0000E+00  0.0000E+00
  1.5000E+01  9.6200E+01  1.0000E+00  2.5977E+01 -9.2137E+00  0.0000E+00  0.0000E+00  2.5104E+01  0.0000E+00  0.0000E+00
  1.5000E+01  1.0820E+02  1.0000E+00  2.6950E+01 -9.4345E+00  0.0000E+00  0.0000E+00  2.6039E+01  0.0000E+00  0.0000E+00
  1.5000E+01  1.2020E+02  1.0000E+00  2.7869E+01 -9.6351E+00  0.0000E+00  0.0000E+00  2.6921E+01  0.0000E+00  0.0000E+00
  1.5000E+01  1.3220E+02  1.0000E+00  2.8737E+01 -9.8177E+00  0.0000E+00  0.0000E+00  2.7753E+01  0.0000E+00  0.0000E+00
  1.5000E+01  1.4370E+02  1.0000E+00  2.9621E+01 -9.9972E+00  0.0000E+00  0.0000E+00  2.8602E+01  0.0000E+00  0.0000E+00
  1.5000E+01  1.4570E+02  0.0000E+00  2.9340E+01  1.2209E-01  1.4121E-01  2.9700E+01  2.8327E+01  1.3726E+00  1.4293E-01
  1.6000E+01  0.0000E+00  1.0000E+00  1.0405E+01 -4.3861E+00  0.0000E+00  0.0000E+00  8.5310E+00  0.0000E+00  0.0000E+00
  1.6000E+01  9.0000E+00  1.0000E+00  2.0396E+01 -7.7711E+00  0.0000E+00  0.0000E+00  1.6700E+01  0.0000E+00  0.0000E+00
  1.6000E+01  1.2000E+01  0.0000E+00  2.0122E+01 -1.0788E+00 -9.5951E-01  1.7300E+01  1.6460E+01  8.4020E-01 -9.9740E-01
  1.6000E+01  1.5400E+01  1.0000E+00  2.3284E+01 -8.5563E+00  0.0000E+00  0.0000E+00  1.9036E+01  0.0000E+00  0.0000E+00
  1.6000E+01  2.1300E+01  1.0000E+00  2.5274E+01 -9.0489E+00  0.0000E+00  0.0000E+00  2.0635E+01  0.0000E+00  0.0000E+00
  1.6000E+01  3.3000E+01  1.0000E+00  2.6577E+01 -9.3508E+00  0.0000E+00  0.0000E+00  2.1635E+01  0.0000E+00  0.0000E+00
  1.6000E+01  4.5000E+01  1.0000E+00  2.7778E+01 -9.6156E+00  0.0000E+00  0.0000E+00  2.2552E+01  0.0000E+00  0.0000E+00
  1.6000E+01  5.6000E+01  0.0000E+00  2.6434E+01  1.2892E-01  3.0344E-01  2.6800E+01  2.1386E+01  5.4135E+00  3.2655E-01
  1.6000E+01  5.7000E+01  1.0000E+00  2.8917E+01 -9.8547E+00  0.0000E+00  0.0000E+00  2.3416E+01  0.0000E+00  0.0000E+00
  1.6000E+01  6.9000E+01  1.0000E+00  2.9995E+01 -1.0071E+01  0.0000E+00  0.0000E+00  2.4232E+01  0.0000E+00  0.0000E+00
  1.6000E+01  8.1000E+01  1.0000E+00  3.1016E+01 -1.0267E+01  0.0000E+00  0.0000E+00  2.5003E+01  0.0000E+00  0.0000E+00
  1.6000E+01  9.3000E+01  1.0000E+00  3.1984E+01 -1.0446E+01  0.0000E+00  0.0000E+00  2.5730E+01  0.0000E+00  0.0000E+00
  1.6000E+01  1.0500E+02  1.0000E+00  3.2901E+01 -1.0608E+01  0.0000E+00  0.0000E+00  2.6416E+01  0.0000E+00  0.0000E+00
  1.6000E+01  1.1700E+02  1.0000E+00  3.3769E+01 -1.0756E+01  0.0000E+00  0.0000E+00  2.7063E+01  0.0000E+00  0.0000E+00
  1.6000E+01  1.2950E+02  1.0000E+00  3.4520E+01 -1.0880E+01  0.0000E+00  0.0000E+00  2.7613E+01  0.0000E+00  0.0000E+00
  1.6000E+01  1.4150E+02  1.0000E+00  3.5303E+01 -1.1005E+01  0.0000E+00  0.0000E+00  2.8193E+01  0.0000E+00  0.0000E+00
  1.6000E+01  1.5280E+02  1.0000E+00  3.6151E+01 -1.1136E+01  0.0000E+00  0.0000E+00  2.8830E+01  0.0000E+00  0.0000E+00
  1.6000E+01  1.5350E+02  0.0000E+00  3.6037E+01  7.2904E-01  9.9780E-01  3.8400E+01  2.8733E+01  9.6667E+00  1.0995E+00
  1.7000E+01  0.0000E+00  1.0000E+00  2.1165E+01 -7.9884E+00  0.0000E+00  0.0000E+00  1.5640E+01  0.0000E+00  0.0000E+00
  1.7000E+01  1.2000E+01  1.0000E+00  2.2766E+01 -8.4218E+00  0.0000E+00  0.0000E+00  1.6751E+01  0.0000E+00  0.0000E+00
  1.7000E+01  2.4000E+01  1.0000E+00  2.4286E+01 -8.8090E+00  0.0000E+00  0.0000E+00  1.7800E+01  0.0000E+00  0.0000E+00
  1.7000E+01  3.2000E+01  0.0000E+00  2.3443E+01 -7.8595E-01 -5.1235E-01  2.1300E+01  1.7126E+01  4.1736E+00 -5.3101E-01
  1.7000E+01  3.5500E+01  1.0000E+00  2.5777E+01 -9.1674E+00  0.0000E+00  0.0000E+00  1.8830E+01  0.0000E+00  0.0000E+00
  1.7000E+01  4.8000E+01  1.0000E+00  2.7088E+01 -9.4650E+00  0.0000E+00  0.0000E+00  1.9719E+01  0.0000E+00  0.0000E+00
  1.7000E+01  6.0000E+01  1.0000E+00  2.8384E+01 -9.7442E+00  0.0000E+00  0.0000E+00  2.0601E+01  0.0000E+00  0.0000E+00
  1.7000E+01  7.2000E+01  0.0000E+00  2.6920E+01  6.5852E-01  9.8553E-01  2.8800E+01  1.9443E+01  9.3572E+00  1.1071E+00
  1.7000E+01  7.2300E+01  1.0000E+00  2.9578E+01 -9.9886E+00  0.0000E+00  0.0000E+00  2.1405E+01  0.0000E+00  0.0000E+00
  1.7000E+01  8.4300E+01  1.0000E+00  3.0746E+01 -1.0216E+01  0.0000E+00  0.0000E+00  2.2192E+01  0.0000E+00  0.0000E+00
  1.7000E+01  9.5800E+01  1.0000E+00  3.1918E+01 -1.0434E+01  0.0000E+00  0.0000E+00  2.2986E+01  0.0000E+00  0.0000E+00
  1.7000E+01  1.0800E+02  1.0000E+00  3.2938E+01 -1.0615E+01  0.0000E+00  0.0000E+00  2.3663E+01  0.0000E+00  0.0000E+00
  1.7000E+01  1.2000E+02  1.0000E+00  3.3933E+01 -1.0784E+01  0.0000E+00  0.0000E+00  2.4323E+01  0.0000E+00  0.0000E+00
  1.7000E+01  1.3200E+02  1.0000E+00  3.4876E+01 -1.0937E+01  0.0000E+00  0.0000E+00  2.4946E+01  0.0000E+00  0.0000E+00
  1.7000E+01  1.4400E+02  1.0000E+00  3.5771E+01 -1.1078E+01  0.0000E+00  0.0000E+00  2.5534E+01  0.0000E+00  0.0000E+00
  1.7000E+01  1.5500E+02  0.0000E+00  3.4075E+01  2.6154E-01  6.9746E-01  3.4900E+01  2.4215E+01  1.0685E+01  8.2799E-01
  1.8000E+01  0.0000E+00  1.0000E+00  1.5265E+01 -6.1612E+00  0.0000E+00  0.0000E+00  1.4218E+01  0.0000E+00  0.0000E+00
  1.8000E+01  2.8000E+00  0.0000E+00  1.5056E+01  2.7682E+00  2.8894E+00  2.1900E+01  1.4028E+01  7.8724E+00  2.9219E+00
  1.8000E+01  1.1800E+01  1.0000E+00  2.9667E+01 -1.0006E+01  0.0000E+00  0.0000E+00  2.7650E+01  0.0000E+00  0.0000E+00
  1.8000E+01  2.3800E+01  1.0000E+00  2.9869E+01 -1.0046E+01  0.0000E+00  0.0000E+00  2.7873E+01  0.0000E+00  0.0000E+00
  1.8000E+01  3.5800E+01  1.0000E+00  3.0060E+01 -1.0084E+01  0.0000E+00  0.0000E+00  2.8083E+01  0.0000E+00  0.0000E+00
  1.8000E+01  4.8100E+01  1.0000E+00  3.0198E+01 -1.0111E+01  0.0000E+00  0.0000E+00  2.8243E+01  0.0000E+00  0.0000E+00
  1.8000E+01  5.9300E+01  1.0000E+00  3.0482E+01 -1.0166E+01  0.0000E+00  0.0000E+00  2.8535E+01  0.0000E+00  0.0000E+00
  1.8000E+01  7.1300E+01  0.0000E+00  2.8730E+01 -9.6681E-01 -7.9984E-01  2.5900E+01  2.6931E+01 -1.0308E+00 -8.0160E-01
  1.8000E+01  7.1800E+01  1.0000E+00  3.0567E+01 -1.0182E+01  0.0000E+00  0.0000E+00  2.8643E+01  0.0000E+00  0.0000E+00
  1.8000E+01  8.2800E+01  1.0000E+00  3.0860E+01 -1.0238E+01  0.0000E+00  0.0000E+00  2.8941E+01  0.0000E+00  0.0000E+00
  1.8000E+01  9.5800E+01  1.0000E+00  3.0851E+01 -1.0236E+01  0.0000E+00  0.0000E+00  2.8959E+01  0.0000E+00  0.0000E+00
  1.8000E+01  1.0780E+02  1.0000E+00  3.0985E+01 -1.0261E+01  0.0000E+00  0.0000E+00  2.9108E+01  0.0000E+00  0.0000E+00
  1.8000E+01  1.1980E+02  1.0000E+00  3.1112E+01 -1.0285E+01  0.0000E+00  0.0000E+00  2.9249E+01  0.0000E+00  0.0000E+00
  1.8000E+01  1.3180E+02  1.0000E+00  3.1231E+01 -1.0308E+01  0.0000E+00  0.0000E+00  2.9382E+01  0.0000E+00  0.0000E+00
  1.8000E+01  1.4380E+02  0.0000E+00  2.9435E+01 -1.8106E-01 -4.9433E-02  2.8900E+01  2.7730E+01  1.1703E+00 -4.2545E-02
  1.8000E+01  3.8980E+02  0.0000E+00  8.7427E+00 -8.7124E-01 -9.0153E-01  6.7000E+00  8.4671E+00 -1.7671E+00 -9.0526E-01
  1.9000E+01  0.0000E+00  1.0000E+00  9.0153E+00 -3.8382E+00  0.0000E+00  0.0000E+00  7.1092E+00  0.0000E+00  0.0000E+00
  1.9000E+01  4.0000E+00  1.0000E+00  1.7869E+01 -7.0130E+00  0.0000E+00  0.0000E+00  1.4083E+01  0.0000E+00  0.0000E+00
  1.9000E+01  9.5000E+00  0.0000E+00  1.7430E+01  5.7966E-01  7.5954E-01  1.8900E+01  1.3714E+01  5.1861E+00  8.0152E-01
  1.9000E+01  1.3000E+01  1.0000E+00  1.9410E+01 -7.4834E+00  0.0000E+00  0.0000E+00  1.5262E+01  0.0000E+00  0.0000E+00
  1.9000E+01  2.4000E+01  1.0000E+00  2.0723E+01 -7.8642E+00  0.0000E+00  0.0000E+00  1.6250E+01  0.0000E+00  0.0000E+00
  1.9000E+01  3.5900E+01  1.0000E+00  2.2342E+01 -8.3095E+00  0.0000E+00  0.0000E+00  1.7477E+01  0.0000E+00  0.0000E+00
  1.9000E+01  4.8000E+01  1.0000E+00  2.3857E+01 -8.7021E+00  0.0000E+00  0.0000E+00  1.8619E+01  0.0000E+00  0.0000E+00
  1.9000E+01  5.9900E+01  1.0000E+00  2.5312E+01 -9.0580E+00  0.0000E+00  0.0000E+00  1.9713E+01  0.0000E+00  0.0000E+00
  1.9000E+01  7.2000E+01  1.0000E+00  2.6670E+01 -9.3717E+00  0.0000E+00  0.0000E+00  2.0729E+01  0.0000E+00  0.0000E+00
  1.9000E+01  8.3500E+01  0.0000E+00  2.5319E+01 -7.5807E-01 -4.8272E-01  2.3200E+01  1.9610E+01  3.5895E+00 -4.9508E-01
  1.9000E+01  8.4300E+01  1.0000E+00  2.7932E+01 -9.6485E+00  0.0000E+00  0.0000E+00  2.1668E+01  0.0000E+00  0.0000E+00
  1.9000E+01  9.6000E+01  1.0000E+00  2.9197E+01 -9.9120E+00  0.0000E+00  0.0000E+00  2.2612E+01  0.0000E+00  0.0000E+00
  1.9000E+01  1.0830E+02  1.0000E+00  3.0323E+01 -1.0135E+01  0.0000E+00  0.0000E+00  2.3442E+01  0.0000E+00  0.0000E+00
  1.9000E+01  1.2000E+02  1.0000E+00  3.1465E+01 -1.0351E+01  0.0000E+00  0.0000E+00  2.4289E+01  0.0000E+00  0.0000E+00
  1.9000E+01  1.3200E+02  1.0000E+00  3.2509E+01 -1.0539E+01  0.0000E+00  0.0000E+00  2.5056E+01  0.0000E+00  0.0000E+00
  1.9000E+01  1.4400E+02  1.0000E+00  3.3497E+01 -1.0710E+01  0.0000E+00  0.0000E+00  2.5780E+01  0.0000E+00  0.0000E+00
  1.9000E+01  1.5800E+02  0.0000E+00  3.1442E+01  4.7965E-01  8.3271E-01  3.2900E+01  2.4097E+01  8.8030E+00  9.3761E-01
  2.0000E+01  0.0000E+00  1.0000E+00  2.1539E+01 -8.0920E+00  0.0000E+00  0.0000E+00  1.7062E+01  0.0000E+00  0.0000E+00
  2.0000E+01  2.0000E+00  0.0000E+00  2.1344E+01  6.6144E-01  8.6461E-01  2.3100E+01  1.6898E+01  6.2018E+00  9.2326E-01
  2.0000E+01  1.2000E+01  1.0000E+00  2.3086E+01 -8.5053E+00  0.0000E+00  0.0000E+00  1.8235E+01  0.0000E+00  0.0000E+00
  2.0000E+01  2.4000E+01  1.0000E+00  2.4552E+01 -8.8745E+00  0.0000E+00  0.0000E+00  1.9343E+01  0.0000E+00  0.0000E+00
  2.0000E+01  3.6000E+01  1.0000E+00  2.5939E+01 -9.2050E+00  0.0000E+00  0.0000E+00  2.0388E+01  0.0000E+00  0.0000E+00
  2.0000E+01  4.8000E+01  1.0000E+00  2.7253E+01 -9.5014E+00  0.0000E+00  0.0000E+00  2.1374E+01  0.0000E+00  0.0000E+00
  2.0000E+01  6.0500E+01  1.0000E+00  2.8438E+01 -9.7556E+00  0.0000E+00  0.0000E+00  2.2257E+01  0.0000E+00  0.0000E+00
  2.0000E+01  6.2500E+01  0.0000E+00  2.8181E+01 -1.3105E-01  1.4480E-01  2.7800E+01  2.2043E+01  5.7568E+00  1.7614E-01
  2.0000E+01  7.2000E+01  1.0000E+00  2.9681E+01 -1.0009E+01  0.0000E+00  0.0000E+00  2.3189E+01  0.0000E+00  0.0000E+00
  2.0000E+01  8.4000E+01  1.0000E+00  3.0796E+01 -1.0226E+01  0.0000E+00  0.0000E+00  2.4018E+01  0.0000E+00  0.0000E+00
  2.0000E+01  9.5500E+01  1.0000E+00  3.1918E+01 -1.0434E+01  0.0000E+00  0.0000E+00  2.4855E+01  0.0000E+00  0.0000E+00
  2.0000E+01  1.0800E+02  1.0000E+00  3.2845E+01 -1.0598E+01  0.0000E+00  0.0000E+00  2.5534E+01  0.0000E+00  0.0000E+00
  2.0000E+01  1.2000E+02  1.0000E+00  3.3792E+01 -1.0760E+01  0.0000E+00  0.0000E+00  2.6231E+01  0.0000E+00  0.0000E+00
  2.0000E+01  1.3200E+02  1.0000E+00  3.4688E+01 -1.0907E+01  0.0000E+00  0.0000E+00  2.6889E+01  0.0000E+00  0.0000E+00
  2.0000E+01  1.3400E+02  0.0000E+00  3.4374E+01 -1.1805E-01  2.2554E-01  3.4000E+01  2.6630E+01  7.3695E+00  2.7212E-01
  2.1000E+01  0.0000E+00  1.0000E+00  1.0905E+01 -4.5793E+00  0.0000E+00  0.0000E+00  1.2441E+01  0.0000E+00  0.0000E+00
  2.1000E+01  4.2000E+00  1.0000E+00  2.1585E+01 -8.1048E+00  0.0000E+00  0.0000E+00  2.4633E+01  0.0000E+00  0.0000E+00
  2.1000E+01  8.3000E+00  0.0000E+00  2.1150E+01 -1.8915E-02 -1.7346E-01  2.1100E+01  2.4150E+01 -3.0504E+00 -1.7022E-01
  2.1000E+01  1.5800E+01  1.0000E+00  2.3181E+01 -8.5296E+00  0.0000E+00  0.0000E+00  2.6492E+01  0.0000E+00  0.0000E+00
  2.1000E+01  2.8000E+01  1.0000E+00  2.4621E+01 -8.8915E+00  0.0000E+00  0.0000E+00  2.8177E+01  0.0000E+00  0.0000E+00
  2.1000E+01  3.9800E+01  1.0000E+00  2.6023E+01 -9.2245E+00  0.0000E+00  0.0000E+00  2.9818E+01  0.0000E+00  0.0000E+00
  2.1000E+01  5.1800E+01  1.0000E+00  2.7321E+01 -9.5164E+00  0.0000E+00  0.0000E+00  3.1340E+01  0.0000E+00  0.0000E+00
  2.1000E+01  6.3800E+01  1.0000E+00  2.8544E+01 -9.7777E+00  0.0000E+00  0.0000E+00  3.2777E+01  0.0000E+00  0.0000E+00
  2.1000E+01  7.6800E+01  1.0000E+00  2.9563E+01 -9.9855E+00  0.0000E+00  0.0000E+00  3.3985E+01  0.0000E+00  0.0000E+00
  2.1000E+01  8.8300E+01  1.0000E+00  3.0725E+01 -1.0212E+01  0.0000E+00  0.0000E+00  3.5350E+01  0.0000E+00  0.0000E+00
  2.1000E+01  1.0080E+02  1.0000E+00  3.1679E+01 -1.0390E+01  0.0000E+00  0.0000E+00  3.6481E+01  0.0000E+00  0.0000E+00
  2.1000E+01  1.1230E+02  0.0000E+00  2.9919E+01 -2.7538E-01 -4.9491E-01  2.9100E+01  3.4513E+01 -5.4133E+00 -4.6275E-01
  2.1000E+01  1.1280E+02  1.0000E+00  3.2649E+01 -1.0564E+01  0.0000E+00  0.0000E+00  3.7629E+01  0.0000E+00  0.0000E+00
  2.1000E+01  1.2430E+02  1.0000E+00  3.3640E+01 -1.0735E+01  0.0000E+00  0.0000E+00  3.8798E+01  0.0000E+00  0.0000E+00
  2.1000E+01  1.3630E+02  1.0000E+00  3.4497E+01 -1.0876E+01  0.0000E+00  0.0000E+00  3.9816E+01  0.0000E+00  0.0000E+00
  2.1000E+01  1.4880E+02  1.0000E+00  3.5224E+01 -1.0993E+01  0.0000E+00  0.0000E+00  4.0686E+01  0.0000E+00  0.0000E+00
  2.1000E+01  2.6060E+02  0.0000E+00  2.0210E+01  3.3981E-01  1.7753E-01  2.1100E+01  2.3730E+01 -2.6300E+00  1.7009E-01
  2.2000E+01  0.0000E+00  1.0000E+00  1.0922E+01 -4.5858E+00  0.0000E+00  0.0000E+00  1.0664E+01  0.0000E+00  0.0000E+00
  2.2000E+01  4.0000E+00  1.0000E+00  2.1637E+01 -8.1189E+00  0.0000E+00  0.0000E+00  2.1124E+01  0.0000E+00  0.0000E+00
  2.2000E+01  6.0000E+00  0.0000E+00  2.1430E+01  1.3903E-01  1.4639E-01  2.1800E+01  2.0921E+01  8.7899E-01  1.4700E-01
  2.2000E+01  1.6000E+01  1.0000E+00  2.3340E+01 -8.5706E+00  0.0000E+00  0.0000E+00  2.2780E+01  0.0000E+00  0.0000E+00
  2.2000E+01  2.8000E+01  1.0000E+00  2.4948E+01 -8.9706E+00  0.0000E+00  0.0000E+00  2.4343E+01  0.0000E+00  0.0000E+00
  2.2000E+01  4.0000E+01  1.0000E+00  2.6465E+01 -9.3256E+00  0.0000E+00  0.0000E+00  2.5818E+01  0.0000E+00  0.0000E+00
  2.2000E+01  5.1000E+01  0.0000E+00  2.5106E+01 -3.8009E-02 -2.8141E-02  2.5000E+01  2.4484E+01  5.1630E-01 -2.7462E-02
  2.3000E+01  0.0000E+00  1.0000E+00  2.2073E+01 -8.2374E+00  0.0000E+00  0.0000E+00  4.2655E+01  0.0000E+00  0.0000E+00
  2.3000E+01  1.1000E+01  0.0000E+00  2.0695E+01  6.0917E-01  6.1748E-04  2.2300E+01  4.0451E+01 -1.8151E+01 -8.5011E-02
  2.3000E+01  1.1500E+01  1.0000E+00  2.3394E+01 -8.5845E+00  0.0000E+00  0.0000E+00  4.5686E+01  0.0000E+00  0.0000E+00
  2.3000E+01  2.4000E+01  1.0000E+00  2.4501E+01 -8.8621E+00  0.0000E+00  0.0000E+00  4.8345E+01  0.0000E+00  0.0000E+00
  2.3000E+01  3.5500E+01  1.0000E+00  2.5664E+01 -9.1408E+00  0.0000E+00  0.0000E+00  5.1069E+01  0.0000E+00  0.0000E+00
  2.3000E+01  4.7000E+01  1.0000E+00  2.6751E+01 -9.3900E+00  0.0000E+00  0.0000E+00  5.3646E+01  0.0000E+00  0.0000E+00
  2.3000E+01  5.9500E+01  1.0000E+00  2.7621E+01 -9.5816E+00  0.0000E+00  0.0000E+00  5.5839E+01  0.0000E+00  0.0000E+00
  2.3000E+01  7.0500E+01  0.0000E+00  2.5897E+01  2.4966E-01 -5.7137E-01  2.6600E+01  5.2954E+01 -2.6354E+01 -4.6679E-01
  2.3000E+01  7.1500E+01  1.0000E+00  2.8505E+01 -9.7695E+00  0.0000E+00  0.0000E+00  5.8031E+01  0.0000E+00  0.0000E+00
  2.3000E+01  8.4000E+01  1.0000E+00  2.9251E+01 -9.9229E+00  0.0000E+00  0.0000E+00  5.9969E+01  0.0000E+00  0.0000E+00
  2.3000E+01  9.5800E+01  1.0000E+00  3.0056E+01 -1.0083E+01  0.0000E+00  0.0000E+00  6.1983E+01  0.0000E+00  0.0000E+00
  2.3000E+01  1.0750E+02  1.0000E+00  3.0824E+01 -1.0231E+01  0.0000E+00  0.0000E+00  6.3915E+01  0.0000E+00  0.0000E+00
  2.3000E+01  1.2000E+02  1.0000E+00  3.1406E+01 -1.0340E+01  0.0000E+00  0.0000E+00  6.5508E+01  0.0000E+00  0.0000E+00
  2.3000E+01  1.3250E+02  1.0000E+00  3.1948E+01 -1.0439E+01  0.0000E+00  0.0000E+00  6.7007E+01  0.0000E+00  0.0000E+00
  2.3000E+01  1.4000E+02  0.0000E+00  3.0574E+01 -9.5734E-01 -1.9733E+00  2.7700E+01  6.4627E+01 -3.6927E+01 -1.2890E+00
  2.4000E+01  0.0000E+00  1.0000E+00  1.8783E+01 -7.2949E+00  0.0000E+00  0.0000E+00  4.4788E+01  0.0000E+00  0.0000E+00
  2.4000E+01  7.0000E-01  1.0000E+00  3.7486E+01 -1.1333E+01  0.0000E+00  0.0000E+00  8.9425E+01  0.0000E+00  0.0000E+00
  2.4000E+01  2.0000E+00  0.0000E+00  3.7189E+01  3.3673E-02 -9.6391E-01  3.7300E+01  8.8866E+01 -5.1566E+01 -8.2528E-01
  2.4000E+01  6.5000E+00  1.0000E+00  4.5721E+01 -1.2331E+01  0.0000E+00  0.0000E+00  1.0971E+02  0.0000E+00  0.0000E+00
  2.4000E+01  1.6000E+01  1.0000E+00  4.6126E+01 -1.2371E+01  0.0000E+00  0.0000E+00  1.1190E+02  0.0000E+00  0.0000E+00
  2.4000E+01  2.8000E+01  1.0000E+00  4.5847E+01 -1.2343E+01  0.0000E+00  0.0000E+00  1.1272E+02  0.0000E+00  0.0000E+00
  2.4000E+01  4.0000E+01  1.0000E+00  4.5589E+01 -1.2317E+01  0.0000E+00  0.0000E+00  1.1349E+02  0.0000E+00  0.0000E+00
  2.4000E+01  5.2700E+01  1.0000E+00  4.5168E+01 -1.2274E+01  0.0000E+00  0.0000E+00  1.1386E+02  0.0000E+00  0.0000E+00
  2.4000E+01  6.4000E+01  1.0000E+00  4.5137E+01 -1.2270E+01  0.0000E+00  0.0000E+00  1.1493E+02  0.0000E+00  0.0000E+00
  2.4000E+01  7.6000E+01  1.0000E+00  4.4929E+01 -1.2249E+01  0.0000E+00  0.0000E+00  1.1558E+02  0.0000E+00  0.0000E+00
  2.4000E+01  7.9000E+01  0.0000E+00  4.4113E+01 -6.6532E-01 -1.9395E+00  4.1700E+01  1.1392E+02 -7.2217E+01 -1.1746E+00
  2.4000E+01  8.8000E+01  1.0000E+00  4.4735E+01 -1.2228E+01  0.0000E+00  0.0000E+00  1.1619E+02  0.0000E+00  0.0000E+00
  2.4000E+01  1.0000E+02  1.0000E+00  4.4555E+01 -1.2209E+01  0.0000E+00  0.0000E+00  1.1676E+02  0.0000E+00  0.0000E+00
  2.4000E+01  1.1200E+02  1.0000E+00  4.4388E+01 -1.2191E+01  0.0000E+00  0.0000E+00  1.1731E+02  0.0000E+00  0.0000E+00
  2.4000E+01  1.2400E+02  1.0000E+00  4.4233E+01 -1.2174E+01  0.0000E+00  0.0000E+00  1.1782E+02  0.0000E+00  0.0000E+00
  2.4000E+01  1.3600E+02  1.0000E+00  4.4089E+01 -1.2159E+01  0.0000E+00  0.0000E+00  1.1831E+02  0.0000E+00  0.0000E+00
  2.4000E+01  1.4750E+02  1.0000E+00  4.4080E+01 -1.2158E+01  0.0000E+00  0.0000E+00  1.1903E+02  0.0000E+00  0.0000E+00
  2.4000E+01  1.7600E+02  0.0000E+00  3.7038E+01  3.2315E-01 -8.5203E-01  3.8100E+01  1.0375E+02 -6.5647E+01 -4.9991E-01
  2.5000E+01  0.0000E+00  1.0000E+00  1.4607E+01 -5.9346E+00  0.0000E+00  0.0000E+00  1.0664E+01  0.0000E+00  0.0000E+00
  2.5000E+01  2.0000E+00  0.0000E+00  1.4481E+01 -3.1753E-01 -1.6964E-01  1.3700E+01  1.0561E+01  3.1386E+00 -1.7451E-01
  2.5000E+01  1.2000E+01  1.0000E+00  1.5715E+01 -6.3134E+00  0.0000E+00  0.0000E+00  1.1415E+01  0.0000E+00  0.0000E+00
  2.5000E+01  1.8500E+01  1.0000E+00  2.2581E+01 -8.3729E+00  0.0000E+00  0.0000E+00  1.6395E+01  0.0000E+00  0.0000E+00
  2.5000E+01  2.1000E+01  0.0000E+00  2.2337E+01 -1.9958E-01  3.2443E-02  2.1800E+01  1.6198E+01  5.6019E+00  3.5291E-02
  2.5000E+01  2.3700E+01  1.0000E+00  2.3537E+01 -8.6210E+00  0.0000E+00  0.0000E+00  1.7055E+01  0.0000E+00  0.0000E+00
  2.5000E+01  3.5800E+01  1.0000E+00  2.3792E+01 -8.6856E+00  0.0000E+00  0.0000E+00  1.7155E+01  0.0000E+00  0.0000E+00
  2.5000E+01  4.8300E+01  1.0000E+00  2.3994E+01 -8.7365E+00  0.0000E+00  0.0000E+00  1.7217E+01  0.0000E+00  0.0000E+00
  2.5000E+01  6.0500E+01  1.0000E+00  2.4216E+01 -8.7916E+00  0.0000E+00  0.0000E+00  1.7300E+01  0.0000E+00  0.0000E+00
  2.5000E+01  6.1500E+01  0.0000E+00  2.4111E+01 -2.6942E+00 -2.4245E+00  1.6700E+01  1.7217E+01 -5.1682E-01 -2.6162E+00
  2.5000E+01  7.0700E+01  1.0000E+00  2.8034E+01 -9.6704E+00  0.0000E+00  0.0000E+00  2.0024E+01  0.0000E+00  0.0000E+00
  2.5000E+01  7.2000E+01  1.0000E+00  2.9824E+01 -1.0037E+01  0.0000E+00  0.0000E+00  2.1321E+01  0.0000E+00  0.0000E+00
  2.5000E+01  8.4000E+01  1.0000E+00  3.0256E+01 -1.0122E+01  0.0000E+00  0.0000E+00  2.1544E+01  0.0000E+00  0.0000E+00
  2.5000E+01  9.0500E+01  0.0000E+00  2.9413E+01  1.3094E-01  4.6533E-01  2.9800E+01  2.0879E+01  8.9209E+00  5.3154E-01
  2.5000E+01  9.5800E+01  1.0000E+00  3.0691E+01 -1.0206E+01  0.0000E+00  0.0000E+00  2.1774E+01  0.0000E+00  0.0000E+00
  2.5000E+01  1.0800E+02  1.0000E+00  3.1053E+01 -1.0274E+01  0.0000E+00  0.0000E+00  2.1952E+01  0.0000E+00  0.0000E+00
  2.5000E+01  1.2000E+02  1.0000E+00  3.1423E+01 -1.0343E+01  0.0000E+00  0.0000E+00  2.2139E+01  0.0000E+00  0.0000E+00
  2.5000E+01  1.2150E+02  0.0000E+00  3.1219E+01  2.2385E+00  2.6054E+00  3.8000E+01  2.1980E+01  1.6020E+01  2.9490E+00
  2.5000E+01  1.3200E+02  1.0000E+00  3.1774E+01 -1.0408E+01  0.0000E+00  0.0000E+00  2.2316E+01  0.0000E+00  0.0000E+00
  2.5000E+01  1.3800E+02  0.0000E+00  3.0956E+01  1.1409E-01  4.8671E-01  3.1300E+01  2.1680E+01  9.6200E+00  5.7404E-01
  2.6000E+01  0.0000E+00  1.0000E+00  2.5175E+01 -9.0253E+00  0.0000E+00  0.0000E+00  4.9764E+01  0.0000E+00  0.0000E+00
  2.6000E+01  1.1500E+01  1.0000E+00  2.6783E+01 -9.3972E+00  0.0000E+00  0.0000E+00  5.3478E+01  0.0000E+00  0.0000E+00
  2.6000E+01  2.3500E+01  1.0000E+00  2.8214E+01 -9.7085E+00  0.0000E+00  0.0000E+00  5.6869E+01  0.0000E+00  0.0000E+00
  2.6000E+01  3.5500E+01  1.0000E+00  2.9549E+01 -9.9827E+00  0.0000E+00  0.0000E+00  6.0070E+01  0.0000E+00  0.0000E+00
  2.6000E+01  3.7500E+01  0.0000E+00  2.9207E+01 -2.0598E-01 -1.1578E+00  2.8600E+01  5.9493E+01 -3.0893E+01 -8.6418E-01
  2.6000E+01  4.7500E+01  1.0000E+00  3.0793E+01 -1.0225E+01  0.0000E+00  0.0000E+00  6.3091E+01  0.0000E+00  0.0000E+00
  2.6000E+01  5.9500E+01  1.0000E+00  3.1954E+01 -1.0440E+01  0.0000E+00  0.0000E+00  6.5941E+01  0.0000E+00  0.0000E+00
  2.6000E+01  7.1500E+01  1.0000E+00  3.3036E+01 -1.0632E+01  0.0000E+00  0.0000E+00  6.8632E+01  0.0000E+00  0.0000E+00
  2.6000E+01  8.3500E+01  1.0000E+00  3.4046E+01 -1.0802E+01  0.0000E+00  0.0000E+00  7.1171E+01  0.0000E+00  0.0000E+00
  2.6000E+01  9.5500E+01  1.0000E+00  3.4987E+01 -1.0955E+01  0.0000E+00  0.0000E+00  7.3568E+01  0.0000E+00  0.0000E+00
  2.6000E+01  1.0750E+02  1.0000E+00  3.5865E+01 -1.1092E+01  0.0000E+00  0.0000E+00  7.5830E+01  0.0000E+00  0.0000E+00
  2.6000E+01  1.1050E+02  0.0000E+00  3.5244E+01 -1.0744E-01 -1.3078E+00  3.4900E+01  7.4741E+01 -3.9841E+01 -8.9968E-01
  2.7000E+01  0.0000E+00  1.0000E+00  2.5075E+01 -9.0013E+00  0.0000E+00  0.0000E+00  2.4882E+01  0.0000E+00  0.0000E+00
  2.7000E+01  1.7000E+00  0.0000E+00  2.4870E+01  5.5088E-01  5.5692E-01  2.6400E+01  2.4679E+01  1.7211E+00  5.5193E-01
  2.7000E+01  1.2400E+01  1.0000E+00  2.7197E+01 -9.4890E+00  0.0000E+00  0.0000E+00  2.6992E+01  0.0000E+00  0.0000E+00
  2.7000E+01  2.3700E+01  1.0000E+00  2.9331E+01 -9.9391E+00  0.0000E+00  0.0000E+00  2.9115E+01  0.0000E+00  0.0000E+00
  2.7000E+01  3.5200E+01  1.0000E+00  3.1325E+01 -1.0325E+01  0.0000E+00  0.0000E+00  3.1099E+01  0.0000E+00  0.0000E+00
  2.7000E+01  4.8000E+01  1.0000E+00  3.3026E+01 -1.0630E+01  0.0000E+00  0.0000E+00  3.2792E+01  0.0000E+00  0.0000E+00
  2.7000E+01  5.9700E+01  1.0000E+00  3.4790E+01 -1.0924E+01  0.0000E+00  0.0000E+00  3.4548E+01  0.0000E+00  0.0000E+00
  2.7000E+01  7.1700E+01  1.0000E+00  3.6409E+01 -1.1175E+01  0.0000E+00  0.0000E+00  3.6160E+01  0.0000E+00  0.0000E+00
  2.7000E+01  8.3200E+01  0.0000E+00  3.4438E+01 -3.5904E-01 -3.5711E-01  3.3300E+01  3.4209E+01 -9.0917E-01 -3.5324E-01
  2.8000E+01  0.0000E+00  1.0000E+00  1.8934E+01 -7.3406E+00  0.0000E+00  0.0000E+00  4.2655E+01  0.0000E+00  0.0000E+00
  2.8000E+01  2.0000E+00  0.0000E+00  1.8708E+01 -7.0286E-01 -2.1790E+00  1.6900E+01  4.2246E+01 -2.5346E+01 -1.4849E+00
  2.9000E+01  0.0000E+00  1.0000E+00  1.9334E+01 -7.4608E+00  0.0000E+00  0.0000E+00  1.4218E+01  0.0000E+00  0.0000E+00
  2.9000E+01  1.2000E+01  1.0000E+00  2.0749E+01 -7.8718E+00  0.0000E+00  0.0000E+00  1.5196E+01  0.0000E+00  0.0000E+00
  2.9000E+01  2.3500E+01  1.0000E+00  2.2134E+01 -8.2539E+00  0.0000E+00  0.0000E+00  1.6154E+01  0.0000E+00  0.0000E+00
  2.9000E+01  3.6500E+01  1.0000E+00  2.3311E+01 -8.5633E+00  0.0000E+00  0.0000E+00  1.6949E+01  0.0000E+00  0.0000E+00
  2.9000E+01  4.7500E+01  0.0000E+00  2.2201E+01  2.6028E-01  8.2254E-01  2.2900E+01  1.6074E+01  6.8263E+00  9.5916E-01
  3.0000E+01  0.0000E+00  1.0000E+00  9.7783E+00 -4.1411E+00  0.0000E+00  0.0000E+00  1.2796E+01  0.0000E+00  0.0000E+00
  3.0000E+01  2.2000E+00  1.0000E+00  1.9446E+01 -7.4941E+00  0.0000E+00  0.0000E+00  2.5458E+01  0.0000E+00  0.0000E+00
  3.0000E+01  6.3000E+00  0.0000E+00  1.9040E+01 -4.4134E-01 -8.3826E-01  1.7900E+01  2.4960E+01 -7.0595E+00 -7.6710E-01
  3.0000E+01  1.5300E+01  1.0000E+00  2.0078E+01 -7.6794E+00  0.0000E+00  0.0000E+00  2.6388E+01  0.0000E+00  0.0000E+00
  3.0000E+01  2.6300E+01  1.0000E+00  2.0873E+01 -7.9066E+00  0.0000E+00  0.0000E+00  2.7513E+01  0.0000E+00  0.0000E+00
  3.0000E+01  3.8800E+01  1.0000E+00  2.1471E+01 -8.0735E+00  0.0000E+00  0.0000E+00  2.8391E+01  0.0000E+00  0.0000E+00
  3.0000E+01  5.0800E+01  1.0000E+00  2.2085E+01 -8.2406E+00  0.0000E+00  0.0000E+00  2.9283E+01  0.0000E+00  0.0000E+00
  3.0000E+01  6.2800E+01  1.0000E+00  2.2661E+01 -8.3942E+00  0.0000E+00  0.0000E+00  3.0125E+01  0.0000E+00  0.0000E+00
  3.0000E+01  7.5300E+01  1.0000E+00  2.3149E+01 -8.5214E+00  0.0000E+00  0.0000E+00  3.0851E+01  0.0000E+00  0.0000E+00
  3.0000E+01  8.7300E+01  1.0000E+00  2.3662E+01 -8.6527E+00  0.0000E+00  0.0000E+00  3.1604E+01  0.0000E+00  0.0000E+00
  3.0000E+01  9.8800E+01  1.0000E+00  2.4201E+01 -8.7880E+00  0.0000E+00  0.0000E+00  3.2388E+01  0.0000E+00  0.0000E+00
  3.0000E+01  1.1080E+02  1.0000E+00  2.4651E+01 -8.8987E+00  0.0000E+00  0.0000E+00  3.3055E+01  0.0000E+00  0.0000E+00
  3.0000E+01  1.2330E+02  1.0000E+00  2.5014E+01 -8.9866E+00  0.0000E+00  0.0000E+00  3.3609E+01  0.0000E+00  0.0000E+00
  3.0000E+01  1.3480E+02  1.0000E+00  2.5475E+01 -9.0966E+00  0.0000E+00  0.0000E+00  3.4284E+01  0.0000E+00  0.0000E+00
  3.0000E+01  2.2630E+02  0.0000E+00  1.5896E+01  2.4225E-01 -1.5011E-01  1.6500E+01  2.2053E+01 -5.5528E+00 -1.0544E-01
  3.1000E+01  0.0000E+00  1.0000E+00  2.4998E+01 -8.9828E+00  0.0000E+00  0.0000E+00  2.1327E+01  0.0000E+00  0.0000E+00
  3.1000E+01  1.0000E+00  0.0000E+00  2.4883E+01  1.5009E-01  4.2892E-01  2.5300E+01  2.1225E+01  4.0751E+00  4.6397E-01
  3.2000E+01  0.0000E+00  1.0000E+00  1.5419E+01 -6.2136E+00  0.0000E+00  0.0000E+00  4.9764E+01  0.0000E+00  0.0000E+00
  3.2000E+01  6.5000E+00  0.0000E+00  1.4769E+01 -8.3938E-01 -1.8914E+00  1.2700E+01  4.8228E+01 -3.5528E+01 -1.2172E+00
  3.2000E+01  1.2000E+01  1.0000E+00  1.5893E+01 -6.3730E+00  0.0000E+00  0.0000E+00  5.2298E+01  0.0000E+00  0.0000E+00
  3.2000E+01  2.1600E+01  1.0000E+00  2.2623E+01 -8.3841E+00  0.0000E+00  0.0000E+00  7.4814E+01  0.0000E+00  0.0000E+00
  3.2000E+01  2.4000E+01  0.0000E+00  2.2266E+01 -6.1820E-02 -1.6503E+00  2.2100E+01  7.3953E+01 -5.1853E+01 -1.0140E+00
  3.2000E+01  2.4300E+01  1.0000E+00  2.3874E+01 -8.7063E+00  0.0000E+00  0.0000E+00  7.9178E+01  0.0000E+00  0.0000E+00
  3.2000E+01  3.5600E+01  1.0000E+00  2.3804E+01 -8.6886E+00  0.0000E+00  0.0000E+00  8.0311E+01  0.0000E+00  0.0000E+00
  3.2000E+01  4.8000E+01  1.0000E+00  2.3578E+01 -8.6315E+00  0.0000E+00  0.0000E+00  8.0981E+01  0.0000E+00  0.0000E+00
  3.2000E+01  6.1000E+01  1.0000E+00  2.3284E+01 -8.5563E+00  0.0000E+00  0.0000E+00  8.1392E+01  0.0000E+00  0.0000E+00
  3.2000E+01  7.2000E+01  1.0000E+00  2.3299E+01 -8.5602E+00  0.0000E+00  0.0000E+00  8.2519E+01  0.0000E+00  0.0000E+00
  3.2000E+01  8.3500E+01  0.0000E+00  2.1590E+01 -1.4631E-01 -1.8121E+00  2.1200E+01  7.8067E+01 -5.6867E+01 -9.2588E-01
  3.3000E+01  0.0000E+00  1.0000E+00  1.1302E+01 -4.7308E+00  0.0000E+00  0.0000E+00  1.2086E+01  0.0000E+00  0.0000E+00
  3.3000E+01  4.0000E+00  1.0000E+00  2.2385E+01 -8.3209E+00  0.0000E+00  0.0000E+00  2.3940E+01  0.0000E+00  0.0000E+00
  3.3000E+01  5.5000E+00  0.0000E+00  2.2221E+01 -3.8030E-01 -4.9797E-01  2.1200E+01  2.3768E+01 -2.5677E+00 -4.8310E-01
  3.3000E+01  1.6000E+01  1.0000E+00  2.3966E+01 -8.7295E+00  0.0000E+00  0.0000E+00  2.5651E+01  0.0000E+00  0.0000E+00
  3.3000E+01  2.8000E+01  1.0000E+00  2.5458E+01 -9.0924E+00  0.0000E+00  0.0000E+00  2.7266E+01  0.0000E+00  0.0000E+00
  3.3000E+01  4.0300E+01  1.0000E+00  2.6829E+01 -9.4074E+00  0.0000E+00  0.0000E+00  2.8752E+01  0.0000E+00  0.0000E+00
  3.3000E+01  5.2000E+01  1.0000E+00  2.8194E+01 -9.7042E+00  0.0000E+00  0.0000E+00  3.0232E+01  0.0000E+00  0.0000E+00
  3.3000E+01  6.5000E+01  0.0000E+00  2.6456E+01  3.3278E-01  1.9056E-01  2.7400E+01  2.8395E+01 -9.9496E-01  1.8427E-01
  3.4000E+01  0.0000E+00  1.0000E+00  2.2492E+01 -8.3494E+00  0.0000E+00  0.0000E+00  2.4171E+01  0.0000E+00  0.0000E+00
  3.4000E+01  1.8000E+00  0.0000E+00  2.2294E+01 -7.2203E-02 -1.9061E-01  2.2100E+01  2.3962E+01 -1.8623E+00 -1.8488E-01
  3.4000E+01  1.1800E+01  1.0000E+00  2.4070E+01 -8.7553E+00  0.0000E+00  0.0000E+00  2.5891E+01  0.0000E+00  0.0000E+00
  3.4000E+01  2.3800E+01  1.0000E+00  2.5536E+01 -9.1108E+00  0.0000E+00  0.0000E+00  2.7492E+01  0.0000E+00  0.0000E+00
  3.4000E+01  4.7800E+01  1.0000E+00  2.5540E+01 -9.1117E+00  0.0000E+00  0.0000E+00  2.7545E+01  0.0000E+00  0.0000E+00
  3.4000E+01  5.9800E+01  1.0000E+00  2.6724E+01 -9.3839E+00  0.0000E+00  0.0000E+00  2.8839E+01  0.0000E+00  0.0000E+00
  3.4000E+01  7.1800E+01  1.0000E+00  2.7839E+01 -9.6287E+00  0.0000E+00  0.0000E+00  3.0062E+01  0.0000E+00  0.0000E+00
  3.4000E+01  8.3800E+01  1.0000E+00  2.8892E+01 -9.8496E+00  0.0000E+00  0.0000E+00  3.1215E+01  0.0000E+00  0.0000E+00
  3.4000E+01  8.6800E+01  0.0000E+00  2.8469E+01  7.9301E-02 -7.7637E-02  2.8700E+01  3.0767E+01 -2.0667E+00 -7.4618E-02
  3.5000E+01  0.0000E+00  1.0000E+00  1.3868E+01 -5.6748E+00  0.0000E+00  0.0000E+00  1.7773E+01  0.0000E+00  0.0000E+00
  3.5000E+01  3.5000E+00  1.0000E+00  2.7490E+01 -9.5533E+00  0.0000E+00  0.0000E+00  3.5248E+01  0.0000E+00  0.0000E+00
  3.5000E+01  1.5000E+01  1.0000E+00  2.9254E+01 -9.9234E+00  0.0000E+00  0.0000E+00  3.7612E+01  0.0000E+00  0.0000E+00
  3.5000E+01  1.9000E+01  0.0000E+00  2.8663E+01 -1.1844E+00 -1.5455E+00  2.5200E+01  3.6894E+01 -1.1694E+01 -1.3455E+00
  3.5000E+01  2.7000E+01  1.0000E+00  3.0846E+01 -1.0235E+01  0.0000E+00  0.0000E+00  3.9763E+01  0.0000E+00  0.0000E+00
  3.5000E+01  3.9000E+01  1.0000E+00  3.2344E+01 -1.0510E+01  0.0000E+00  0.0000E+00  4.1793E+01  0.0000E+00  0.0000E+00
  3.5000E+01  5.1000E+01  1.0000E+00  3.3753E+01 -1.0754E+01  0.0000E+00  0.0000E+00  4.3708E+01  0.0000E+00  0.0000E+00
  3.5000E+01  6.3000E+01  1.0000E+00  3.5079E+01 -1.0970E+01  0.0000E+00  0.0000E+00  4.5516E+01  0.0000E+00  0.0000E+00
  3.5000E+01  7.5000E+01  1.0000E+00  3.6326E+01 -1.1162E+01  0.0000E+00  0.0000E+00  4.7223E+01  0.0000E+00  0.0000E+00
  3.5000E+01  8.7000E+01  1.0000E+00  3.7499E+01 -1.1334E+01  0.0000E+00  0.0000E+00  4.8833E+01  0.0000E+00  0.0000E+00
  3.5000E+01  9.9000E+01  0.0000E+00  3.5274E+01  8.5026E-01  3.9993E-01  3.8000E+01  4.6087E+01 -8.0873E+00  3.2944E-01
  3.6000E+01  0.0000E+00  1.0000E+00  1.9635E+01 -7.5500E+00  0.0000E+00  0.0000E+00  2.1327E+01  0.0000E+00  0.0000E+00
  3.6000E+01  2.0000E+00  0.0000E+00  1.9438E+01  1.4500E+00  1.4232E+00  2.3200E+01  2.1123E+01  2.0772E+00  1.3778E+00
  3.6000E+01  1.2000E+01  1.0000E+00  2.1098E+01 -7.9699E+00  0.0000E+00  0.0000E+00  2.2972E+01  0.0000E+00  0.0000E+00
  3.6000E+01  2.3500E+01  1.0000E+00  2.2525E+01 -8.3582E+00  0.0000E+00  0.0000E+00  2.4576E+01  0.0000E+00  0.0000E+00
  3.6000E+01  3.6000E+01  1.0000E+00  2.3765E+01 -8.6788E+00  0.0000E+00  0.0000E+00  2.5982E+01  0.0000E+00  0.0000E+00
  3.6000E+01  4.8000E+01  1.0000E+00  2.4985E+01 -8.9796E+00  0.0000E+00  0.0000E+00  2.7365E+01  0.0000E+00  0.0000E+00
  3.6000E+01  6.0000E+01  1.0000E+00  2.6133E+01 -9.2497E+00  0.0000E+00  0.0000E+00  2.8670E+01  0.0000E+00  0.0000E+00
  3.6000E+01  7.2000E+01  1.0000E+00  2.7214E+01 -9.4928E+00  0.0000E+00  0.0000E+00  2.9902E+01  0.0000E+00  0.0000E+00
  3.6000E+01  8.5000E+01  1.0000E+00  2.8102E+01 -9.6847E+00  0.0000E+00  0.0000E+00  3.0928E+01  0.0000E+00  0.0000E+00
  3.6000E+01  9.6000E+01  1.0000E+00  2.9200E+01 -9.9126E+00  0.0000E+00  0.0000E+00  3.2174E+01  0.0000E+00  0.0000E+00
  3.6000E+01  1.0800E+02  1.0000E+00  3.0101E+01 -1.0092E+01  0.0000E+00  0.0000E+00  3.3209E+01  0.0000E+00  0.0000E+00
  3.6000E+01  1.2000E+02  1.0000E+00  3.0948E+01 -1.0254E+01  0.0000E+00  0.0000E+00  3.4185E+01  0.0000E+00  0.0000E+00
  3.6000E+01  1.3200E+02  1.0000E+00  3.1745E+01 -1.0402E+01  0.0000E+00  0.0000E+00  3.5107E+01  0.0000E+00  0.0000E+00
  3.6000E+01  1.3400E+02  0.0000E+00  3.1426E+01 -8.3145E-01 -9.3793E-01  2.8900E+01  3.4770E+01 -5.8699E+00 -8.8653E-01
  3.6000E+01  3.0400E+02  0.0000E+00  1.3312E+01 -2.5194E-01 -3.5455E-01  1.2700E+01  1.5317E+01 -2.6167E+00 -3.4330E-01
  3.7000E+01  0.0000E+00  1.0000E+00  1.9888E+01 -7.6241E+00  0.0000E+00  0.0000E+00  1.7062E+01  0.0000E+00  0.0000E+00
  3.7000E+01  2.3000E+00  0.0000E+00  1.9678E+01 -6.8465E-02  5.9682E-02  1.9500E+01  1.6874E+01  2.6262E+00  6.7167E-02
  3.7000E+01  1.1800E+01  1.0000E+00  2.1320E+01 -8.0317E+00  0.0000E+00  0.0000E+00  1.8251E+01  0.0000E+00  0.0000E+00
  3.7000E+01  2.4300E+01  1.0000E+00  2.2611E+01 -8.3810E+00  0.0000E+00  0.0000E+00  1.9316E+01  0.0000E+00  0.0000E+00
  3.7000E+01  3.6300E+01  1.0000E+00  2.3879E+01 -8.7077E+00  0.0000E+00  0.0000E+00  2.0363E+01  0.0000E+00  0.0000E+00
  3.7000E+01  4.8300E+01  1.0000E+00  2.5079E+01 -9.0022E+00  0.0000E+00  0.0000E+00  2.1351E+01  0.0000E+00  0.0000E+00
  3.7000E+01  6.0300E+01  1.0000E+00  2.6214E+01 -9.2683E+00  0.0000E+00  0.0000E+00  2.2283E+01  0.0000E+00  0.0000E+00
  3.7000E+01  7.2800E+01  1.0000E+00  2.7231E+01 -9.4966E+00  0.0000E+00  0.0000E+00  2.3112E+01  0.0000E+00  0.0000E+00
  3.7000E+01  8.4300E+01  1.0000E+00  2.8309E+01 -9.7286E+00  0.0000E+00  0.0000E+00  2.3998E+01  0.0000E+00  0.0000E+00
  3.7000E+01  9.6300E+01  1.0000E+00  2.9271E+01 -9.9268E+00  0.0000E+00  0.0000E+00  2.4781E+01  0.0000E+00  0.0000E+00
  3.7000E+01  1.0830E+02  1.0000E+00  3.0180E+01 -1.0107E+01  0.0000E+00  0.0000E+00  2.5521E+01  0.0000E+00  0.0000E+00
  3.7000E+01  1.1980E+02  1.0000E+00  3.1106E+01 -1.0284E+01  0.0000E+00  0.0000E+00  2.6277E+01  0.0000E+00  0.0000E+00
  3.7000E+01  1.3230E+02  1.0000E+00  3.1849E+01 -1.0421E+01  0.0000E+00  0.0000E+00  2.6872E+01  0.0000E+00  0.0000E+00
  3.7000E+01  1.4430E+02  1.0000E+00  3.2619E+01 -1.0559E+01  0.0000E+00  0.0000E+00  2.7494E+01  0.0000E+00  0.0000E+00
  3.7000E+01  1.5630E+02  1.0000E+00  3.3348E+01 -1.0685E+01  0.0000E+00  0.0000E+00  2.8081E+01  0.0000E+00  0.0000E+00
  3.7000E+01  1.5980E+02  0.0000E+00  3.2814E+01  1.8925E-01  4.3344E-01  3.3400E+01  2.7611E+01  5.7890E+00  4.7172E-01
  3.8000E+01  0.0000E+00  1.0000E+00  1.8177E+01 -7.1091E+00  0.0000E+00  0.0000E+00  1.8484E+01  0.0000E+00  0.0000E+00
  3.8000E+01  1.8000E+00  0.0000E+00  1.8019E+01 -4.6686E-02 -7.1913E-02  1.7900E+01  1.8324E+01 -4.2408E-01 -6.9152E-02
  3.8000E+01  1.1600E+01  1.0000E+00  1.9279E+01 -7.4444E+00  0.0000E+00  0.0000E+00  1.9611E+01  0.0000E+00  0.0000E+00
  3.8000E+01  2.3300E+01  1.0000E+00  2.0313E+01 -7.7472E+00  0.0000E+00  0.0000E+00  2.0668E+01  0.0000E+00  0.0000E+00
  3.8000E+01  3.5300E+01  1.0000E+00  2.1261E+01 -8.0152E+00  0.0000E+00  0.0000E+00  2.1639E+01  0.0000E+00  0.0000E+00
  3.8000E+01  4.7300E+01  1.0000E+00  2.2155E+01 -8.2595E+00  0.0000E+00  0.0000E+00  2.2555E+01  0.0000E+00  0.0000E+00
  3.8000E+01  5.9300E+01  1.0000E+00  2.2999E+01 -8.4825E+00  0.0000E+00  0.0000E+00  2.3419E+01  0.0000E+00  0.0000E+00
  3.8000E+01  7.1300E+01  1.0000E+00  2.3795E+01 -8.6864E+00  0.0000E+00  0.0000E+00  2.4235E+01  0.0000E+00  0.0000E+00
  3.8000E+01  8.3300E+01  1.0000E+00  2.4546E+01 -8.8731E+00  0.0000E+00  0.0000E+00  2.5005E+01  0.0000E+00  0.0000E+00
  3.8000E+01  9.5300E+01  1.0000E+00  2.5255E+01 -9.0442E+00  0.0000E+00  0.0000E+00  2.5732E+01  0.0000E+00  0.0000E+00
  3.8000E+01  1.0730E+02  1.0000E+00  2.5923E+01 -9.2012E+00  0.0000E+00  0.0000E+00  2.6418E+01  0.0000E+00  0.0000E+00
  3.8000E+01  1.1880E+02  0.0000E+00  2.4516E+01 -1.0544E+00 -1.0950E+00  2.1600E+01  2.4993E+01 -3.3928E+00 -1.0740E+00
  3.8000E+01  1.1930E+02  1.0000E+00  2.6554E+01 -9.3456E+00  0.0000E+00  0.0000E+00  2.7065E+01  0.0000E+00  0.0000E+00
  3.8000E+01  1.3130E+02  1.0000E+00  2.7149E+01 -9.4785E+00  0.0000E+00  0.0000E+00  2.7676E+01  0.0000E+00  0.0000E+00
  3.8000E+01  1.4330E+02  1.0000E+00  2.7710E+01 -9.6009E+00  0.0000E+00  0.0000E+00  2.8253E+01  0.0000E+00  0.0000E+00
  3.8000E+01  1.5530E+02  1.0000E+00  2.8239E+01 -9.7138E+00  0.0000E+00  0.0000E+00  2.8797E+01  0.0000E+00  0.0000E+00
  3.8000E+01  1.6730E+02  1.0000E+00  2.8739E+01 -9.8182E+00  0.0000E+00  0.0000E+00  2.9311E+01  0.0000E+00  0.0000E+00
  3.8000E+01  1.8330E+02  0.0000E+00  2.6592E+01  1.3748E+00  1.3284E+00  3.0500E+01  2.7134E+01  3.3658E+00  1.3040E+00
  3.8000E+01  3.1030E+02  0.0000E+00  1.4356E+01 -5.5234E-01 -5.8571E-01  1.3000E+01  1.4707E+01 -1.7074E+00 -5.7880E-01
  3.9000E+01  0.0000E+00  1.0000E+00  3.0659E+01 -1.0200E+01  0.0000E+00  0.0000E+00  3.9811E+01  0.0000E+00  0.0000E+00
  3.9000E+01  1.4000E+00  0.0000E+00  3.0436E+01 -1.4539E-01 -4.9910E-01  3.0000E+01  3.9543E+01 -9.5434E+00 -4.4589E-01
  3.9000E+01  1.2700E+01  1.0000E+00  3.1430E+01 -1.0345E+01  0.0000E+00  0.0000E+00  4.1001E+01  0.0000E+00  0.0000E+00
  3.9000E+01  2.4400E+01  1.0000E+00  3.2306E+01 -1.0504E+01  0.0000E+00  0.0000E+00  4.2306E+01  0.0000E+00  0.0000E+00
  3.9000E+01  3.6400E+01  1.0000E+00  3.3083E+01 -1.0640E+01  0.0000E+00  0.0000E+00  4.3482E+01  0.0000E+00  0.0000E+00
  3.9000E+01  4.8400E+01  1.0000E+00  3.3812E+01 -1.0764E+01  0.0000E+00  0.0000E+00  4.4592E+01  0.0000E+00  0.0000E+00
  3.9000E+01  6.0400E+01  1.0000E+00  3.4498E+01 -1.0876E+01  0.0000E+00  0.0000E+00  4.5639E+01  0.0000E+00  0.0000E+00
  3.9000E+01  7.2300E+01  1.0000E+00  3.5158E+01 -1.0982E+01  0.0000E+00  0.0000E+00  4.6648E+01  0.0000E+00  0.0000E+00
  3.9000E+01  8.4800E+01  1.0000E+00  3.5676E+01 -1.1063E+01  0.0000E+00  0.0000E+00  4.7474E+01  0.0000E+00  0.0000E+00
  3.9000E+01  9.6400E+01  1.0000E+00  3.6318E+01 -1.1161E+01  0.0000E+00  0.0000E+00  4.8446E+01  0.0000E+00  0.0000E+00
  3.9000E+01  1.0840E+02  1.0000E+00  3.6851E+01 -1.1240E+01  0.0000E+00  0.0000E+00  4.9276E+01  0.0000E+00  0.0000E+00
  3.9000E+01  1.1040E+02  0.0000E+00  3.6468E+01  3.7771E-01 -9.7320E-02  3.7700E+01  4.8803E+01 -1.1103E+01 -9.7028E-02
  3.9000E+01  1.2040E+02  1.0000E+00  3.7352E+01 -1.1313E+01  0.0000E+00  0.0000E+00  5.0060E+01  0.0000E+00  0.0000E+00
  3.9000E+01  1.3240E+02  1.0000E+00  3.7822E+01 -1.1380E+01  0.0000E+00  0.0000E+00  5.0800E+01  0.0000E+00  0.0000E+00
  3.9000E+01  2.6040E+02  0.0000E+00  1.9395E+01 -3.8367E-01 -7.1121E-01  1.8400E+01  2.7402E+01 -9.0025E+00 -5.7943E-01
  4.0000E+01  0.0000E+00  1.0000E+00  1.3947E+01 -5.7030E+00  0.0000E+00  0.0000E+00  1.3507E+01  0.0000E+00  0.0000E+00
  4.0000E+01  1.0000E+00  0.0000E+00  1.3881E+01 -7.3999E-02 -6.2210E-02  1.3700E+01  1.3442E+01  2.5757E-01 -6.1642E-02
  4.0000E+01  2.0000E+00  1.0000E+00  1.6017E+01 -6.4144E+00  0.0000E+00  0.0000E+00  1.5511E+01  0.0000E+00  0.0000E+00
  4.0000E+01  3.8000E+00  1.0000E+00  2.4688E+01 -8.9079E+00  0.0000E+00  0.0000E+00  2.3907E+01  0.0000E+00  0.0000E+00
  4.0000E+01  4.0000E+00  0.0000E+00  2.4665E+01  1.2095E-01  1.4537E-01  2.5000E+01  2.3884E+01  1.1156E+00  1.4696E-01
  4.1000E+01  0.0000E+00  1.0000E+00  1.8434E+01 -7.1884E+00  0.0000E+00  0.0000E+00  2.4171E+01  0.0000E+00  0.0000E+00
  4.1000E+01  2.0000E+00  0.0000E+00  1.8244E+01  1.3908E-01 -1.4314E-01  1.8600E+01  2.3939E+01 -5.3392E+00 -1.2266E-01
  4.1000E+01  7.3000E+00  1.0000E+00  1.9918E+01 -7.6330E+00  0.0000E+00  0.0000E+00  2.6179E+01  0.0000E+00  0.0000E+00
  4.1000E+01  1.2000E+01  1.0000E+00  2.1607E+01 -8.1109E+00  0.0000E+00  0.0000E+00  2.8436E+01  0.0000E+00  0.0000E+00
  4.1000E+01  2.4800E+01  1.0000E+00  2.2389E+01 -8.3219E+00  0.0000E+00  0.0000E+00  2.9577E+01  0.0000E+00  0.0000E+00
  4.1000E+01  3.3900E+01  1.0000E+00  2.3525E+01 -8.6181E+00  0.0000E+00  0.0000E+00  3.1151E+01  0.0000E+00  0.0000E+00
  4.1000E+01  3.6000E+01  0.0000E+00  2.3271E+01 -8.3457E-01 -1.2032E+00  2.1000E+01  3.0837E+01 -9.8371E+00 -1.0628E+00
  4.1000E+01  4.8300E+01  1.0000E+00  2.4002E+01 -8.7383E+00  0.0000E+00  0.0000E+00  3.1905E+01  0.0000E+00  0.0000E+00
  4.1000E+01  5.8700E+01  1.0000E+00  2.4910E+01 -8.9616E+00  0.0000E+00  0.0000E+00  3.3188E+01  0.0000E+00  0.0000E+00
  4.1000E+01  5.9000E+01  0.0000E+00  2.4872E+01  5.5016E-01  1.5020E-01  2.6400E+01  3.3140E+01 -6.7399E+00  1.3852E-01
  4.2000E+01  0.0000E+00  1.0000E+00  7.0508E+00 -3.0376E+00  0.0000E+00  0.0000E+00  1.9906E+01  0.0000E+00  0.0000E+00
  4.2000E+01  1.2000E+01  1.0000E+00  1.3577E+01 -5.5712E+00  0.0000E+00  0.0000E+00  3.8692E+01  0.0000E+00  0.0000E+00
  4.2000E+01  1.4000E+01  0.0000E+00  1.3404E+01 -4.2671E-02 -1.2619E+00  1.3300E+01  3.8321E+01 -2.5021E+01 -8.4227E-01
  4.2000E+01  2.3700E+01  1.0000E+00  1.4355E+01 -5.8467E+00  0.0000E+00  0.0000E+00  4.1546E+01  0.0000E+00  0.0000E+00
  4.2000E+01  3.6200E+01  1.0000E+00  1.5008E+01 -6.0732E+00  0.0000E+00  0.0000E+00  4.4092E+01  0.0000E+00  0.0000E+00
  4.2000E+01  4.7800E+01  1.0000E+00  1.5691E+01 -6.3054E+00  0.0000E+00  0.0000E+00  4.6670E+01  0.0000E+00  0.0000E+00
  4.2000E+01  6.0000E+01  1.0000E+00  1.6269E+01 -6.4980E+00  0.0000E+00  0.0000E+00  4.8979E+01  0.0000E+00  0.0000E+00
  4.2000E+01  7.2000E+01  1.0000E+00  1.6822E+01 -6.6791E+00  0.0000E+00  0.0000E+00  5.1202E+01  0.0000E+00  0.0000E+00
  4.2000E+01  8.4000E+01  1.0000E+00  1.7335E+01 -6.8440E+00  0.0000E+00  0.0000E+00  5.3299E+01  0.0000E+00  0.0000E+00
  4.2000E+01  9.5500E+01  0.0000E+00  1.6098E+01 -8.7944E-01 -2.4809E+00  1.3900E+01  5.0424E+01 -3.6524E+01 -1.4363E+00
  4.3000E+01  0.0000E+00  1.0000E+00  2.1319E+01 -8.0313E+00  0.0000E+00  0.0000E+00  1.2796E+01  0.0000E+00  0.0000E+00
  4.3000E+01  2.0000E+00  0.0000E+00  2.1140E+01  4.3790E-01  1.3679E+00  2.2300E+01  1.2674E+01  9.6263E+00  1.7320E+00
  4.4000E+01  0.0000E+00  1.0000E+00  9.6571E+00 -4.0933E+00  0.0000E+00  0.0000E+00  9.9528E+00  0.0000E+00  0.0000E+00
  4.4000E+01  5.0000E+00  1.0000E+00  1.9083E+01 -7.3857E+00  0.0000E+00  0.0000E+00  1.9669E+01  0.0000E+00  0.0000E+00
  4.4000E+01  1.1000E+01  0.0000E+00  1.8538E+01 -2.8726E-01 -3.4680E-01  1.7800E+01  1.9108E+01 -1.3076E+00 -3.4260E-01
  4.4000E+01  1.7000E+01  1.0000E+00  2.0422E+01 -7.7784E+00  0.0000E+00  0.0000E+00  2.1051E+01  0.0000E+00  0.0000E+00
  4.4000E+01  2.9000E+01  1.0000E+00  2.1684E+01 -8.1319E+00  0.0000E+00  0.0000E+00  2.2355E+01  0.0000E+00  0.0000E+00
  4.4000E+01  4.1000E+01  1.0000E+00  2.2876E+01 -8.4504E+00  0.0000E+00  0.0000E+00  2.3587E+01  0.0000E+00  0.0000E+00
  4.4000E+01  5.4500E+01  1.0000E+00  2.3844E+01 -8.6987E+00  0.0000E+00  0.0000E+00  2.4588E+01  0.0000E+00  0.0000E+00
  4.4000E+01  6.5000E+01  1.0000E+00  2.5077E+01 -9.0018E+00  0.0000E+00  0.0000E+00  2.5862E+01  0.0000E+00  0.0000E+00
  4.4000E+01  7.7500E+01  1.0000E+00  2.6020E+01 -9.2237E+00  0.0000E+00  0.0000E+00  2.6838E+01  0.0000E+00  0.0000E+00
  4.4000E+01  8.9000E+01  1.0000E+00  2.7026E+01 -9.4514E+00  0.0000E+00  0.0000E+00  2.7878E+01  0.0000E+00  0.0000E+00
  4.4000E+01  1.0100E+02  1.0000E+00  2.7917E+01 -9.6452E+00  0.0000E+00  0.0000E+00  2.8799E+01  0.0000E+00  0.0000E+00
  4.4000E+01  1.1300E+02  1.0000E+00  2.8756E+01 -9.8218E+00  0.0000E+00  0.0000E+00  2.9668E+01  0.0000E+00  0.0000E+00
  4.4000E+01  1.2500E+02  0.0000E+00  2.7135E+01  1.6246E-01  8.1829E-02  2.7600E+01  2.8000E+01 -3.9965E-01  7.9926E-02
  4.4000E+01  1.2550E+02  1.0000E+00  2.9483E+01 -9.9697E+00  0.0000E+00  0.0000E+00  3.0420E+01  0.0000E+00  0.0000E+00
  4.4000E+01  2.9200E+02  0.0000E+00  1.3176E+01  1.3329E-01  9.1818E-02  1.3500E+01  1.3629E+01 -1.2877E-01  9.1822E-02
  4.5000E+01  0.0000E+00  1.0000E+00  1.6896E+01 -6.7031E+00  0.0000E+00  0.0000E+00  1.1375E+01  0.0000E+00  0.0000E+00
  4.5000E+01  4.5000E+00  0.0000E+00  1.6570E+01  1.1805E-02  3.7029E-01  1.6600E+01  1.1130E+01  5.4695E+00  4.5758E-01
  4.5000E+01  1.2500E+01  1.0000E+00  1.8119E+01 -7.0908E+00  0.0000E+00  0.0000E+00  1.2131E+01  0.0000E+00  0.0000E+00
  4.5000E+01  2.4500E+01  1.0000E+00  1.9314E+01 -7.4546E+00  0.0000E+00  0.0000E+00  1.2871E+01  0.0000E+00  0.0000E+00
  4.5000E+01  3.6500E+01  1.0000E+00  2.0448E+01 -7.7861E+00  0.0000E+00  0.0000E+00  1.3569E+01  0.0000E+00  0.0000E+00
  4.5000E+01  4.8300E+01  0.0000E+00  1.9430E+01  2.9663E-01  7.3378E-01  2.0200E+01  1.2818E+01  7.3816E+00  8.7271E-01
  4.5000E+01  4.8500E+01  1.0000E+00  2.1526E+01 -8.0884E+00  0.0000E+00  0.0000E+00  1.4228E+01  0.0000E+00  0.0000E+00
  4.5000E+01  6.0500E+01  1.0000E+00  2.2548E+01 -8.3643E+00  0.0000E+00  0.0000E+00  1.4850E+01  0.0000E+00  0.0000E+00
  4.5000E+01  7.2500E+01  1.0000E+00  2.3519E+01 -8.6166E+00  0.0000E+00  0.0000E+00  1.5437E+01  0.0000E+00  0.0000E+00
  4.5000E+01  8.4500E+01  1.0000E+00  2.4441E+01 -8.8474E+00  0.0000E+00  0.0000E+00  1.5991E+01  0.0000E+00  0.0000E+00
  4.5000E+01  9.6500E+01  1.0000E+00  2.5316E+01 -9.0589E+00  0.0000E+00  0.0000E+00  1.6513E+01  0.0000E+00  0.0000E+00
  4.5000E+01  1.0650E+02  0.0000E+00  2.4244E+01  9.2815E-02  6.5535E-01  2.4500E+01  1.5736E+01  8.7642E+00  8.3050E-01
  4.6000E+01  0.0000E+00  1.0000E+00  9.8349E+00 -4.1633E+00  0.0000E+00  0.0000E+00  7.8201E+00  0.0000E+00  0.0000E+00
  4.6000E+01  5.0000E-01  1.0000E+00  1.9647E+01 -7.5536E+00  0.0000E+00  0.0000E+00  1.5621E+01  0.0000E+00  0.0000E+00
  4.6000E+01  2.0000E+00  0.0000E+00  1.9514E+01  2.2554E-01  6.2370E-01  2.0100E+01  1.5509E+01  4.5913E+00  6.9485E-01
  4.7000E+01  0.0000E+00  1.0000E+00  1.8038E+01 -7.0658E+00  0.0000E+00  0.0000E+00  2.8437E+01  0.0000E+00  0.0000E+00
  4.7000E+01  9.3000E+00  1.0000E+00  2.0167E+01 -7.7051E+00  0.0000E+00  0.0000E+00  3.1953E+01  0.0000E+00  0.0000E+00
  4.7000E+01  1.9300E+01  1.0000E+00  2.2117E+01 -8.2492E+00  0.0000E+00  0.0000E+00  3.5211E+01  0.0000E+00  0.0000E+00
  4.7000E+01  3.3300E+01  1.0000E+00  2.3511E+01 -8.6145E+00  0.0000E+00  0.0000E+00  3.7676E+01  0.0000E+00  0.0000E+00
  4.7000E+01  3.6300E+01  1.0000E+00  2.6151E+01 -9.2538E+00  0.0000E+00  0.0000E+00  4.1898E+01  0.0000E+00  0.0000E+00
  4.7000E+01  3.8300E+01  0.0000E+00  2.5867E+01 -2.7236E-01 -1.1875E+00  2.5100E+01  4.1496E+01 -1.6396E+01 -9.4763E-01
  4.8000E+01  0.0000E+00  1.0000E+00  2.0557E+01 -7.8170E+00  0.0000E+00  0.0000E+00  9.9528E+00  0.0000E+00  0.0000E+00
  4.8000E+01  2.8000E+00  0.0000E+00  2.0337E+01 -2.8358E+00 -2.4672E+00  1.2900E+01  9.8193E+00  3.0807E+00 -2.6812E+00
  4.8000E+01  1.1300E+01  1.0000E+00  2.2183E+01 -8.2669E+00  0.0000E+00  0.0000E+00  1.0634E+01  0.0000E+00  0.0000E+00
  4.8000E+01  2.3300E+01  1.0000E+00  2.3683E+01 -8.6581E+00  0.0000E+00  0.0000E+00  1.1244E+01  0.0000E+00  0.0000E+00
  4.8000E+01  2.8800E+01  1.0000E+00  3.7873E+01 -1.1388E+01  0.0000E+00  0.0000E+00  1.8059E+01  0.0000E+00  0.0000E+00
  4.8000E+01  3.5300E+01  1.0000E+00  3.9438E+01 -1.1601E+01  0.0000E+00  0.0000E+00  1.8710E+01  0.0000E+00  0.0000E+00
  4.8000E+01  4.7500E+01  1.0000E+00  4.0135E+01 -1.1692E+01  0.0000E+00  0.0000E+00  1.8850E+01  0.0000E+00  0.0000E+00
  4.8000E+01  5.9300E+01  1.0000E+00  4.0858E+01 -1.1783E+01  0.0000E+00  0.0000E+00  1.9016E+01  0.0000E+00  0.0000E+00
  4.8000E+01  6.5800E+01  0.0000E+00  3.9854E+01  3.6427E-01  1.1475E+00  4.1100E+01  1.8429E+01  2.2671E+01  1.6128E+00
  4.8000E+01  7.1800E+01  1.0000E+00  4.1446E+01 -1.1855E+01  0.0000E+00  0.0000E+00  1.9112E+01  0.0000E+00  0.0000E+00
  4.8000E+01  8.4800E+01  0.0000E+00  3.9434E+01  2.5485E-01  1.0534E+00  4.0300E+01  1.7951E+01  2.2349E+01  1.5324E+00
  4.8000E+01  1.1230E+02  0.0000E+00  3.5494E+01  4.0616E-01  1.1643E+00  3.6800E+01  1.5721E+01  2.1079E+01  1.7259E+00
  4.8000E+01  1.3790E+02  0.0000E+00  3.2180E+01  1.1789E+00  1.8999E+00  3.5800E+01  1.3895E+01  2.1905E+01  2.6817E+00
  4.9000E+01  0.0000E+00  1.0000E+00  1.8809E+01 -7.3027E+00  0.0000E+00  0.0000E+00  1.8484E+01  0.0000E+00  0.0000E+00
  4.9000E+01  2.0000E+00  0.0000E+00  1.8630E+01  6.6089E-02  5.5362E-02  1.8800E+01  1.8306E+01  4.9359E-01  5.7298E-02
  4.9000E+01  1.2000E+01  1.0000E+00  2.0657E+01 -7.8455E+00  0.0000E+00  0.0000E+00  2.0288E+01  0.0000E+00  0.0000E+00
  4.9000E+01  2.4000E+01  1.0000E+00  2.2402E+01 -8.3256E+00  0.0000E+00  0.0000E+00  2.1991E+01  0.0000E+00  0.0000E+00
  4.9000E+01  3.6000E+01  1.0000E+00  2.4051E+01 -8.7506E+00  0.0000E+00  0.0000E+00  2.3598E+01  0.0000E+00  0.0000E+00
  4.9000E+01  4.8000E+01  1.0000E+00  2.5607E+01 -9.1276E+00  0.0000E+00  0.0000E+00  2.5115E+01  0.0000E+00  0.0000E+00
  4.9000E+01  6.0500E+01  1.0000E+00  2.7020E+01 -9.4500E+00  0.0000E+00  0.0000E+00  2.6490E+01  0.0000E+00  0.0000E+00
  4.9000E+01  7.2000E+01  1.0000E+00  2.8473E+01 -9.7628E+00  0.0000E+00  0.0000E+00  2.7904E+01  0.0000E+00  0.0000E+00
  4.9000E+01  7.4000E+01  0.0000E+00  2.8203E+01 -1.0678E+00 -1.0744E+00  2.5100E+01  2.7636E+01 -2.5364E+00 -1.0663E+00
  4.9000E+01  8.4000E+01  1.0000E+00  2.9784E+01 -1.0030E+01  0.0000E+00  0.0000E+00  2.9179E+01  0.0000E+00  0.0000E+00
  4.9000E+01  9.6000E+01  1.0000E+00  3.1022E+01 -1.0268E+01  0.0000E+00  0.0000E+00  3.0382E+01  0.0000E+00  0.0000E+00
  4.9000E+01  1.0850E+02  1.0000E+00  3.2121E+01 -1.0470E+01  0.0000E+00  0.0000E+00  3.1448E+01  0.0000E+00  0.0000E+00
  4.9000E+01  1.2000E+02  1.0000E+00  3.3302E+01 -1.0677E+01  0.0000E+00  0.0000E+00  3.2595E+01  0.0000E+00  0.0000E+00
  4.9000E+01  1.3200E+02  1.0000E+00  3.4345E+01 -1.0852E+01  0.0000E+00  0.0000E+00  3.3606E+01  0.0000E+00  0.0000E+00
  4.9000E+01  1.4400E+02  1.0000E+00  3.5329E+01 -1.1009E+01  0.0000E+00  0.0000E+00  3.4560E+01  0.0000E+00  0.0000E+00
  4.9000E+01  1.5000E+02  0.0000E+00  3.4333E+01  9.0588E-01  9.0595E-01  3.7200E+01  3.3575E+01  3.6252E+00  9.0072E-01
  5.0000E+01  0.0000E+00  1.0000E+00  2.1794E+01 -8.1618E+00  0.0000E+00  0.0000E+00  1.4218E+01  0.0000E+00  0.0000E+00
  5.0000E+01  3.0000E+00  0.0000E+00  2.1511E+01  2.5900E-01  5.0077E-01  2.2200E+01  1.4014E+01  8.1859E+00  5.6740E-01
  5.0000E+01  1.2500E+01  1.0000E+00  2.3363E+01 -8.5765E+00  0.0000E+00  0.0000E+00  1.5164E+01  0.0000E+00  0.0000E+00
  5.0000E+01  2.4500E+01  1.0000E+00  2.4897E+01 -8.9584E+00  0.0000E+00  0.0000E+00  1.6089E+01  0.0000E+00  0.0000E+00
  5.0000E+01  3.6500E+01  1.0000E+00  2.6353E+01 -9.3000E+00  0.0000E+00  0.0000E+00  1.6961E+01  0.0000E+00  0.0000E+00
  5.0000E+01  4.8000E+01  1.0000E+00  2.7789E+01 -9.6179E+00  0.0000E+00  0.0000E+00  1.7823E+01  0.0000E+00  0.0000E+00
  5.0000E+01  6.0500E+01  1.0000E+00  2.9040E+01 -9.8800E+00  0.0000E+00  0.0000E+00  1.8558E+01  0.0000E+00  0.0000E+00
  5.0000E+01  7.2500E+01  1.0000E+00  3.0285E+01 -1.0128E+01  0.0000E+00  0.0000E+00  1.9292E+01  0.0000E+00  0.0000E+00
  5.0000E+01  8.1000E+01  0.0000E+00  2.9184E+01  4.4696E-01  7.7854E-01  3.0500E+01  1.8517E+01  1.1983E+01  9.4274E-01
  5.0000E+01  8.4500E+01  1.0000E+00  3.1466E+01 -1.0351E+01  0.0000E+00  0.0000E+00  1.9985E+01  0.0000E+00  0.0000E+00
  5.0000E+01  8.8000E+01  1.0000E+00  6.3681E+01 -1.3639E+01  0.0000E+00  0.0000E+00  4.0978E+01  0.0000E+00  0.0000E+00
  5.0000E+01  8.9000E+01  0.0000E+00  6.3404E+01  9.6617E-01  1.6382E+00  6.7900E+01  4.0780E+01  2.7120E+01  2.1020E+00
  5.0000E+01  9.6500E+01  1.0000E+00  6.4090E+01 -1.3660E+01  0.0000E+00  0.0000E+00  4.1109E+01  0.0000E+00  0.0000E+00
  5.0000E+01  1.0850E+02  1.0000E+00  6.3549E+01 -1.3632E+01  0.0000E+00  0.0000E+00  4.0575E+01  0.0000E+00  0.0000E+00
  5.0000E+01  1.2050E+02  1.0000E+00  6.4125E+01 -1.3662E+01  0.0000E+00  0.0000E+00  4.0782E+01  0.0000E+00  0.0000E+00
  5.0000E+01  1.3250E+02  1.0000E+00  6.4672E+01 -1.3689E+01  0.0000E+00  0.0000E+00  4.0977E+01  0.0000E+00  0.0000E+00
  5.0000E+01  1.4450E+02  1.0000E+00  6.5191E+01 -1.3714E+01  0.0000E+00  0.0000E+00  4.1161E+01  0.0000E+00  0.0000E+00
  5.0000E+01  1.5700E+02  1.0000E+00  6.5549E+01 -1.3731E+01  0.0000E+00  0.0000E+00  4.1242E+01  0.0000E+00  0.0000E+00
  5.0000E+01  1.6200E+02  0.0000E+00  6.4137E+01 -1.1581E+00 -4.6196E-01  5.8700E+01  4.0259E+01  1.8441E+01 -6.1166E-01
  5.1000E+01  0.0000E+00  1.0000E+00  1.6629E+01 -6.6161E+00  0.0000E+00  0.0000E+00  1.2796E+01  0.0000E+00  0.0000E+00
  5.1000E+01  3.0000E+00  0.0000E+00  1.6408E+01 -1.4787E+00 -1.3034E+00  1.2700E+01  1.2613E+01  8.7301E-02 -1.3433E+00
  5.1000E+01  1.1500E+01  1.0000E+00  1.8107E+01 -7.0872E+00  0.0000E+00  0.0000E+00  1.3883E+01  0.0000E+00  0.0000E+00
  5.1000E+01  1.2500E+01  1.0000E+00  2.6341E+01 -9.2972E+00  0.0000E+00  0.0000E+00  2.0215E+01  0.0000E+00  0.0000E+00
  5.1000E+01  2.4500E+01  1.0000E+00  2.7278E+01 -9.5068E+00  0.0000E+00  0.0000E+00  2.0856E+01  0.0000E+00  0.0000E+00
  5.1000E+01  3.6500E+01  1.0000E+00  2.8166E+01 -9.6983E+00  0.0000E+00  0.0000E+00  2.1460E+01  0.0000E+00  0.0000E+00
  5.1000E+01  4.9000E+01  1.0000E+00  2.8948E+01 -9.8612E+00  0.0000E+00  0.0000E+00  2.1982E+01  0.0000E+00  0.0000E+00
  5.1000E+01  6.0000E+01  0.0000E+00  2.7563E+01  1.2975E+00  1.6115E+00  3.1300E+01  2.0846E+01  1.0454E+01  1.7629E+00
  5.1000E+01  6.0500E+01  1.0000E+00  2.9811E+01 -1.0035E+01  0.0000E+00  0.0000E+00  2.2574E+01  0.0000E+00  0.0000E+00
  5.1000E+01  7.2500E+01  1.0000E+00  3.0567E+01 -1.0182E+01  0.0000E+00  0.0000E+00  2.3082E+01  0.0000E+00  0.0000E+00
  5.1000E+01  8.4500E+01  1.0000E+00  3.1284E+01 -1.0317E+01  0.0000E+00  0.0000E+00  2.3561E+01  0.0000E+00  0.0000E+00
  5.1000E+01  9.6500E+01  1.0000E+00  3.1963E+01 -1.0442E+01  0.0000E+00  0.0000E+00  2.4014E+01  0.0000E+00  0.0000E+00
  5.1000E+01  1.0850E+02  1.0000E+00  3.2608E+01 -1.0557E+01  0.0000E+00  0.0000E+00  2.4441E+01  0.0000E+00  0.0000E+00
  5.1000E+01  1.2050E+02  1.0000E+00  3.3218E+01 -1.0663E+01  0.0000E+00  0.0000E+00  2.4844E+01  0.0000E+00  0.0000E+00
  5.1000E+01  1.3200E+02  0.0000E+00  3.1558E+01 -1.5032E-01  2.3146E-01  3.1100E+01  2.3504E+01  7.5965E+00  2.7934E-01
  5.2000E+01  0.0000E+00  1.0000E+00  1.0807E+01 -4.5417E+00  0.0000E+00  0.0000E+00  6.7537E+00  0.0000E+00  0.0000E+00
  5.2000E+01  2.0000E+00  0.0000E+00  1.0714E+01  1.5080E+00  1.7997E+00  1.4300E+01  6.6889E+00  7.6111E+00  1.9040E+00
  5.2000E+01  4.0000E+00  1.0000E+00  2.1429E+01 -8.0618E+00  0.0000E+00  0.0000E+00  1.3378E+01  0.0000E+00  0.0000E+00
  5.2000E+01  1.2500E+01  1.0000E+00  3.0892E+01 -1.0244E+01  0.0000E+00  0.0000E+00  1.9239E+01  0.0000E+00  0.0000E+00
  5.2000E+01  3.5500E+01  1.0000E+00  3.0805E+01 -1.0227E+01  0.0000E+00  0.0000E+00  1.8997E+01  0.0000E+00  0.0000E+00
  5.2000E+01  3.7500E+01  1.0000E+00  3.3383E+01 -1.0691E+01  0.0000E+00  0.0000E+00  2.0592E+01  0.0000E+00  0.0000E+00
  5.2000E+01  5.9500E+01  1.0000E+00  3.3190E+01 -1.0658E+01  0.0000E+00  0.0000E+00  2.0296E+01  0.0000E+00  0.0000E+00
  5.2000E+01  7.1500E+01  1.0000E+00  3.4352E+01 -1.0853E+01  0.0000E+00  0.0000E+00  2.0932E+01  0.0000E+00  0.0000E+00
  5.2000E+01  8.3000E+01  0.0000E+00  3.2681E+01  1.7525E+00  2.5987E+00  3.8100E+01  1.9803E+01  1.8297E+01  3.1724E+00
  5.2000E+01  8.3500E+01  1.0000E+00  3.5455E+01 -1.1029E+01  0.0000E+00  0.0000E+00  2.1533E+01  0.0000E+00  0.0000E+00
  5.2000E+01  9.5500E+01  1.0000E+00  3.6502E+01 -1.1189E+01  0.0000E+00  0.0000E+00  2.2099E+01  0.0000E+00  0.0000E+00
  5.2000E+01  1.0750E+02  1.0000E+00  3.7495E+01 -1.1334E+01  0.0000E+00  0.0000E+00  2.2634E+01  0.0000E+00  0.0000E+00
  5.2000E+01  1.1950E+02  1.0000E+00  3.8439E+01 -1.1466E+01  0.0000E+00  0.0000E+00  2.3139E+01  0.0000E+00  0.0000E+00
  5.2000E+01  1.3150E+02  1.0000E+00  3.9334E+01 -1.1587E+01  0.0000E+00  0.0000E+00  2.3615E+01  0.0000E+00  0.0000E+00
  5.2000E+01  1.4350E+02  1.0000E+00  4.0184E+01 -1.1698E+01  0.0000E+00  0.0000E+00  2.4064E+01  0.0000E+00  0.0000E+00
  5.2000E+01  1.5500E+02  0.0000E+00  3.8230E+01 -2.1033E+00 -1.1186E+00  3.1200E+01  2.2766E+01  8.4337E+00 -1.2590E+00
  5.3000E+01  0.0000E+00  1.0000E+00  1.1456E+01 -4.7894E+00  0.0000E+00  0.0000E+00  1.2086E+01  0.0000E+00  0.0000E+00
  5.3000E+01  4.0000E+00  1.0000E+00  2.2692E+01 -8.4023E+00  0.0000E+00  0.0000E+00  2.3940E+01  0.0000E+00  0.0000E+00
  5.3000E+01  6.0000E+00  0.0000E+00  2.2473E+01 -1.2524E+00 -1.3492E+00  1.9100E+01  2.3710E+01 -4.6105E+00 -1.3108E+00
  5.3000E+01  2.3800E+01  1.0000E+00  2.3306E+01 -8.5619E+00  0.0000E+00  0.0000E+00  2.4604E+01  0.0000E+00  0.0000E+00
  5.3000E+01  2.7000E+01  1.0000E+00  2.8001E+01 -9.6632E+00  0.0000E+00  0.0000E+00  2.9559E+01  0.0000E+00  0.0000E+00
  5.3000E+01  2.8000E+01  1.0000E+00  3.0560E+01 -1.0181E+01  0.0000E+00  0.0000E+00  3.2260E+01  0.0000E+00  0.0000E+00
  5.3000E+01  3.9500E+01  1.0000E+00  3.1595E+01 -1.0375E+01  0.0000E+00  0.0000E+00  3.3364E+01  0.0000E+00  0.0000E+00
  5.3000E+01  4.7000E+01  0.0000E+00  3.0464E+01  9.4614E-01  8.1889E-01  3.3300E+01  3.2178E+01  1.1215E+00  7.9328E-01
  5.4000E+01  0.0000E+00  1.0000E+00  1.3236E+01 -5.4484E+00  0.0000E+00  0.0000E+00  1.2796E+01  0.0000E+00  0.0000E+00
  5.4000E+01  3.7000E+00  1.0000E+00  2.6242E+01 -9.2746E+00  0.0000E+00  0.0000E+00  2.5367E+01  0.0000E+00  0.0000E+00
  5.4000E+01  9.7000E+00  0.0000E+00  2.5503E+01 -1.0460E-03 -6.6874E-03  2.5500E+01  2.4643E+01  8.5677E-01 -5.6159E-03
  5.4000E+01  1.5700E+01  1.0000E+00  2.8021E+01 -9.6674E+00  0.0000E+00  0.0000E+00  2.7068E+01  0.0000E+00  0.0000E+00
  5.4000E+01  2.7700E+01  1.0000E+00  2.9701E+01 -1.0013E+01  0.0000E+00  0.0000E+00  2.8675E+01  0.0000E+00  0.0000E+00
  5.4000E+01  2.9700E+01  0.0000E+00  2.9420E+01 -6.6188E-03 -9.8562E-03  2.9400E+01  2.8399E+01  1.0007E+00 -8.4281E-03
  5.4000E+01  3.9700E+01  1.0000E+00  3.1288E+01 -1.0318E+01  0.0000E+00  0.0000E+00  3.0190E+01  0.0000E+00  0.0000E+00
  5.4000E+01  5.1700E+01  1.0000E+00  3.2787E+01 -1.0588E+01  0.0000E+00  0.0000E+00  3.1621E+01  0.0000E+00  0.0000E+00
  5.4000E+01  6.3200E+01  0.0000E+00  3.1041E+01 -5.0988E-01 -5.1008E-01  2.9500E+01  2.9915E+01 -4.1495E-01 -5.0860E-01
  5.4000E+01  6.3700E+01  1.0000E+00  3.4203E+01 -1.0828E+01  0.0000E+00  0.0000E+00  3.2971E+01  0.0000E+00  0.0000E+00
  5.4000E+01  7.5700E+01  1.0000E+00  3.5540E+01 -1.1042E+01  0.0000E+00  0.0000E+00  3.4245E+01  0.0000E+00  0.0000E+00
  5.4000E+01  8.7700E+01  1.0000E+00  3.6803E+01 -1.1233E+01  0.0000E+00  0.0000E+00  3.5448E+01  0.0000E+00  0.0000E+00
  5.4000E+01  9.9700E+01  1.0000E+00  3.7996E+01 -1.1405E+01  0.0000E+00  0.0000E+00  3.6583E+01  0.0000E+00  0.0000E+00
  5.4000E+01  1.1130E+02  0.0000E+00  3.5955E+01  6.0080E-01  6.0611E-01  3.7900E+01  3.4592E+01  3.3076E+00  6.0717E-01
  5.5000E+01  0.0000E+00  1.0000E+00  1.5977E+01 -6.4012E+00  0.0000E+00  0.0000E+00  1.7773E+01  0.0000E+00  0.0000E+00
  5.5000E+01  1.2000E+01  1.0000E+00  1.6970E+01 -6.7270E+00  0.0000E+00  0.0000E+00  1.8906E+01  0.0000E+00  0.0000E+00
  5.5000E+01  2.4000E+01  1.0000E+00  1.7906E+01 -7.0245E+00  0.0000E+00  0.0000E+00  1.9976E+01  0.0000E+00  0.0000E+00
  5.5000E+01  3.6000E+01  1.0000E+00  1.8787E+01 -7.2963E+00  0.0000E+00  0.0000E+00  2.0986E+01  0.0000E+00  0.0000E+00
  5.5000E+01  4.8000E+01  1.0000E+00  1.9618E+01 -7.5448E+00  0.0000E+00  0.0000E+00  2.1938E+01  0.0000E+00  0.0000E+00
  5.5000E+01  6.0000E+01  1.0000E+00  2.0400E+01 -7.7723E+00  0.0000E+00  0.0000E+00  2.2838E+01  0.0000E+00  0.0000E+00
  5.5000E+01  7.2000E+01  1.0000E+00  2.1137E+01 -7.9808E+00  0.0000E+00  0.0000E+00  2.3686E+01  0.0000E+00  0.0000E+00
  5.5000E+01  7.4000E+01  0.0000E+00  2.0928E+01 -4.8591E-02 -2.7330E-01  2.0800E+01  2.3459E+01 -2.6590E+00 -2.5922E-01
  5.6000E+01  0.0000E+00  1.0000E+00  1.6487E+01 -6.5696E+00  0.0000E+00  0.0000E+00  8.5310E+00  0.0000E+00  0.0000E+00
  5.6000E+01  1.2700E+01  1.0000E+00  1.7724E+01 -6.9673E+00  0.0000E+00  0.0000E+00  9.0906E+00  0.0000E+00  0.0000E+00
  5.6000E+01  2.0000E+01  0.0000E+00  1.7209E+01  6.2907E-01  1.7875E+00  1.8800E+01  8.7761E+00  1.0024E+01  2.3609E+00
  5.7000E+01  0.0000E+00  1.0000E+00  1.0180E+01 -4.2984E+00  0.0000E+00  0.0000E+00  1.4218E+01  0.0000E+00  0.0000E+00
  5.7000E+01  5.0000E-01  1.0000E+00  2.0333E+01 -7.7530E+00  0.0000E+00  0.0000E+00  2.8402E+01  0.0000E+00  0.0000E+00
  5.7000E+01  1.7000E+00  0.0000E+00  2.0204E+01 -1.5457E-03 -4.1013E-01  2.0200E+01  2.8239E+01 -8.0385E+00 -3.6491E-01
  5.7000E+01  1.2200E+01  1.0000E+00  2.1657E+01 -8.1245E+00  0.0000E+00  0.0000E+00  3.0399E+01  0.0000E+00  0.0000E+00
  5.7000E+01  2.4700E+01  1.0000E+00  2.2817E+01 -8.4350E+00  0.0000E+00  0.0000E+00  3.2175E+01  0.0000E+00  0.0000E+00
  5.7000E+01  3.7200E+01  1.0000E+00  2.3902E+01 -8.7133E+00  0.0000E+00  0.0000E+00  3.3847E+01  0.0000E+00  0.0000E+00
  5.7000E+01  4.7800E+01  1.0000E+00  2.5143E+01 -9.0176E+00  0.0000E+00  0.0000E+00  3.5715E+01  0.0000E+00  0.0000E+00
  5.7000E+01  6.0200E+01  1.0000E+00  2.6092E+01 -9.2403E+00  0.0000E+00  0.0000E+00  3.7197E+01  0.0000E+00  0.0000E+00
  5.7000E+01  7.2200E+01  1.0000E+00  2.7541E+01 -9.5643E+00  0.0000E+00  0.0000E+00  3.9371E+01  0.0000E+00  0.0000E+00
  5.7000E+01  8.4200E+01  1.0000E+00  2.8901E+01 -9.8515E+00  0.0000E+00  0.0000E+00  4.1423E+01  0.0000E+00  0.0000E+00
  5.7000E+01  9.6200E+01  1.0000E+00  3.0177E+01 -1.0107E+01  0.0000E+00  0.0000E+00  4.3359E+01  0.0000E+00  0.0000E+00
  5.7000E+01  1.0900E+02  0.0000E+00  2.8202E+01 -1.3825E-01 -7.5531E-01  2.7800E+01  4.0764E+01 -1.2964E+01 -6.2431E-01
  5.8000E+01  0.0000E+00  1.0000E+00  1.1292E+01 -4.7272E+00  0.0000E+00  0.0000E+00  9.9528E+00  0.0000E+00  0.0000E+00
  5.8000E+01  5.0000E-01  1.0000E+00  2.2558E+01 -8.3670E+00  0.0000E+00  0.0000E+00  1.9882E+01  0.0000E+00  0.0000E+00
  5.8000E+01  8.5000E+00  0.0000E+00  2.1726E+01  2.5258E-01  3.8337E-01  2.2400E+01  1.9129E+01  3.2707E+00  3.9973E-01
  5.8000E+01  1.2000E+01  1.0000E+00  2.4195E+01 -8.7865E+00  0.0000E+00  0.0000E+00  2.1297E+01  0.0000E+00  0.0000E+00
  5.8000E+01  2.4300E+01  1.0000E+00  2.5659E+01 -9.1398E+00  0.0000E+00  0.0000E+00  2.2559E+01  0.0000E+00  0.0000E+00
  5.8000E+01  3.5800E+01  1.0000E+00  2.7133E+01 -9.4749E+00  0.0000E+00  0.0000E+00  2.3830E+01  0.0000E+00  0.0000E+00
  5.8000E+01  4.7500E+01  0.0000E+00  2.5681E+01  7.9008E-01  9.4451E-01  2.7900E+01  2.2523E+01  5.3771E+00  9.8403E-01
  5.8000E+01  4.8000E+01  1.0000E+00  2.8444E+01 -9.7568E+00  0.0000E+00  0.0000E+00  2.4957E+01  0.0000E+00  0.0000E+00
  5.8000E+01  5.9500E+01  1.0000E+00  2.9771E+01 -1.0027E+01  0.0000E+00  0.0000E+00  2.6099E+01  0.0000E+00  0.0000E+00
  5.8000E+01  7.2000E+01  1.0000E+00  3.0896E+01 -1.0245E+01  0.0000E+00  0.0000E+00  2.7060E+01  0.0000E+00  0.0000E+00
  5.8000E+01  8.4000E+01  1.0000E+00  3.2025E+01 -1.0453E+01  0.0000E+00  0.0000E+00  2.8027E+01  0.0000E+00  0.0000E+00
  5.8000E+01  9.6300E+01  1.0000E+00  3.3050E+01 -1.0634E+01  0.0000E+00  0.0000E+00  2.8901E+01  0.0000E+00  0.0000E+00
  5.8000E+01  1.0700E+02  1.0000E+00  3.4252E+01 -1.0836E+01  0.0000E+00  0.0000E+00  2.9936E+01  0.0000E+00  0.0000E+00
  5.8000E+01  1.2030E+02  1.0000E+00  3.5000E+01 -1.0957E+01  0.0000E+00  0.0000E+00  3.0564E+01  0.0000E+00  0.0000E+00
  5.8000E+01  1.3180E+02  0.0000E+00  3.3159E+01 -6.9370E-01 -4.9482E-01  3.1000E+01  2.8915E+01  2.0847E+00 -5.0887E-01
  5.9000E+01  0.0000E+00  1.0000E+00  2.3302E+01 -8.5610E+00  0.0000E+00  0.0000E+00  1.6209E+01  0.0000E+00  0.0000E+00
  5.9000E+01  1.8000E+00  0.0000E+00  2.3120E+01 -1.9163E-01  8.9861E-02  2.2600E+01  1.6069E+01  6.5312E+00  1.1790E-01
  5.9000E+01  1.2500E+01  1.0000E+00  2.5133E+01 -9.0152E+00  0.0000E+00  0.0000E+00  1.7393E+01  0.0000E+00  0.0000E+00
  5.9000E+01  2.4300E+01  1.0000E+00  2.6940E+01 -9.4321E+00  0.0000E+00  0.0000E+00  1.8564E+01  0.0000E+00  0.0000E+00
  5.9000E+01  3.6300E+01  1.0000E+00  2.8633E+01 -9.7962E+00  0.0000E+00  0.0000E+00  1.9653E+01  0.0000E+00  0.0000E+00
  5.9000E+01  4.8800E+01  1.0000E+00  3.0181E+01 -1.0108E+01  0.0000E+00  0.0000E+00  2.0636E+01  0.0000E+00  0.0000E+00
  5.9000E+01  6.0300E+01  1.0000E+00  3.1772E+01 -1.0407E+01  0.0000E+00  0.0000E+00  2.1656E+01  0.0000E+00  0.0000E+00
  5.9000E+01  7.2300E+01  1.0000E+00  3.3219E+01 -1.0663E+01  0.0000E+00  0.0000E+00  2.2571E+01  0.0000E+00  0.0000E+00
  5.9000E+01  7.3800E+01  0.0000E+00  3.3003E+01  4.1762E-01  8.4489E-01  3.4300E+01  2.2408E+01  1.1892E+01  1.0010E+00
  5.9000E+01  8.4300E+01  1.0000E+00  3.4593E+01 -1.0892E+01  0.0000E+00  0.0000E+00  2.3434E+01  0.0000E+00  0.0000E+00
  5.9000E+01  9.6000E+01  1.0000E+00  3.5939E+01 -1.1104E+01  0.0000E+00  0.0000E+00  2.4282E+01  0.0000E+00  0.0000E+00
  5.9000E+01  1.0830E+02  1.0000E+00  3.7130E+01 -1.1281E+01  0.0000E+00  0.0000E+00  2.5016E+01  0.0000E+00  0.0000E+00
  5.9000E+01  1.2050E+02  1.0000E+00  3.8274E+01 -1.1444E+01  0.0000E+00  0.0000E+00  2.5719E+01  0.0000E+00  0.0000E+00
  5.9000E+01  1.3230E+02  1.0000E+00  3.9421E+01 -1.1599E+01  0.0000E+00  0.0000E+00  2.6429E+01  0.0000E+00  0.0000E+00
  5.9000E+01  1.4480E+02  1.0000E+00  4.0397E+01 -1.1725E+01  0.0000E+00  0.0000E+00  2.7016E+01  0.0000E+00  0.0000E+00
  5.9000E+01  1.4680E+02  0.0000E+00  4.0047E+01  4.4661E-02  5.8316E-01  4.0200E+01  2.6757E+01  1.3443E+01  7.3371E-01
