TABLE NO.  1
 ID          TIME        MDV         IPRED       IWRES       CWRES       DV          PRED        RES         WRES
  1.0000E+00  0.0000E+00  1.0000E+00  0.0000E+00  0.0000E+00  0.0000E+00  0.0000E+00  0.0000E+00  0.0000E+00  0.0000E+00
  1.0000E+00  0.0000E+00  0.0000E+00  0.0000E+00  2.6473E+00  2.6473E+00  7.4000E-01  0.0000E+00  7.4000E-01  2.6473E+00
  1.0000E+00  2.5000E-01  0.0000E+00  3.4972E+00 -1.2228E+00 -1.2641E+00  2.8400E+00  2.6596E+00  1.8041E-01 -1.5694E+00
  1.0000E+00  5.7000E-01  0.0000E+00  6.2293E+00  3.9422E-01  4.4464E-01  6.5700E+00  4.8199E+00  1.7501E+00  4.5146E-01
  1.0000E+00  1.1200E+00  0.0000E+00  8.4090E+00  1.8362E+00  2.0501E+00  1.0500E+01  6.6233E+00  3.8767E+00  2.4757E+00
  1.0000E+00  2.0200E+00  0.0000E+00  9.2195E+00  3.5465E-01  7.2889E-01  9.6600E+00  7.2873E+00  2.3727E+00  9.6138E-01
  1.0000E+00  3.8200E+00  0.0000E+00  8.6867E+00 -9.0905E-02  4.4111E-01  8.5800E+00  6.5915E+00  1.9885E+00  5.9455E-01
  1.0000E+00  5.1000E+00  0.0000E+00  8.1243E+00  2.1376E-01  8.2129E-01  8.3600E+00  5.9174E+00  2.4426E+00  1.0205E+00
  1.0000E+00  7.0300E+00  0.0000E+00  7.3258E+00  1.4399E-01  8.4659E-01  7.4700E+00  5.0020E+00  2.4680E+00  9.3644E-01
  1.0000E+00  9.0500E+00  0.0000E+00  6.5723E+00  3.5035E-01  1.1345E+00  6.8900E+00  4.1920E+00  2.6980E+00  1.2354E+00
  1.0000E+00  1.2120E+01  0.0000E+00  5.5727E+00  4.6903E-01  1.3456E+00  5.9400E+00  3.2046E+00  2.7354E+00  1.4449E+00
  1.0000E+00  2.4370E+01  0.0000E+00  2.8851E+00  8.3891E-01  1.7883E+00  3.2800E+00  1.0974E+00  2.1826E+00  2.3653E+00
  2.0000E+00  0.0000E+00  1.0000E+00  0.0000E+00  0.0000E+00  0.0000E+00  0.0000E+00  0.0000E+00  0.0000E+00  0.0000E+00
  2.0000E+00  0.0000E+00  0.0000E+00  0.0000E+00  0.0000E+00  0.0000E+00  0.0000E+00  0.0000E+00  0.0000E+00  0.0000E+00
  2.0000E+00  2.7000E-01  0.0000E+00  3.9292E+00 -3.7656E+00 -3.1050E+00  1.7200E+00  3.0976E+00 -1.3776E+00 -3.6213E+00
  2.0000E+00  5.2000E-01  0.0000E+00  6.0432E+00  2.2195E+00  2.7433E+00  7.9100E+00  4.9832E+00  2.9268E+00  2.9001E+00
  2.0000E+00  1.0000E+00  0.0000E+00  7.8947E+00  3.8692E-01  6.9206E-01  8.3100E+00  6.9710E+00  1.3390E+00  6.7156E-01
  2.0000E+00  1.9200E+00  0.0000E+00  8.3369E+00 -6.0799E-03  5.4853E-02  8.3300E+00  7.9693E+00  3.6071E-01  5.1275E-02
  2.0000E+00  3.5000E+00  0.0000E+00  7.3266E+00 -4.7585E-01 -5.6684E-01  6.8500E+00  7.3988E+00 -5.4882E-01 -5.1665E-01
  2.0000E+00  5.0200E+00  0.0000E+00  6.2996E+00 -2.5159E-01 -4.0421E-01  6.0800E+00  6.5216E+00 -4.4162E-01 -3.4746E-01
  2.0000E+00  7.0300E+00  0.0000E+00  5.1485E+00  3.4381E-01  1.3812E-01  5.4000E+00  5.4748E+00 -7.4784E-02  1.5099E-01
  2.0000E+00  9.0000E+00  0.0000E+00  4.2243E+00  5.2451E-01  2.8586E-01  4.5500E+00  4.6083E+00 -5.8326E-02  2.6057E-01
  2.0000E+00  1.2000E+01  0.0000E+00  3.1253E+00 -2.3223E-01 -4.9096E-01  3.0100E+00  3.5446E+00 -5.3458E-01 -4.7467E-01
  2.0000E+00  2.4300E+01  0.0000E+00  9.0856E-01 -2.8178E-02 -1.8585E-01  9.0000E-01  1.2085E+00 -3.0850E-01 -2.1724E-01
  3.0000E+00  0.0000E+00  1.0000E+00  0.0000E+00  0.0000E+00  0.0000E+00  0.0000E+00  0.0000E+00  0.0000E+00  0.0000E+00
  3.0000E+00  0.0000E+00  0.0000E+00  0.0000E+00  0.0000E+00  0.0000E+00  0.0000E+00  0.0000E+00  0.0000E+00  0.0000E+00
  3.0000E+00  2.7000E-01  0.0000E+00  4.2346E+00  2.6574E-01  4.5507E-01  4.4000E+00  3.1891E+00  1.2109E+00  6.6377E-01
  3.0000E+00  5.8000E-01  0.0000E+00  6.7108E+00  2.0474E-01  3.9307E-01  6.9000E+00  5.4886E+00  1.4114E+00  4.4819E-01
  3.0000E+00  1.0200E+00  0.0000E+00  8.0978E+00  9.3024E-02  1.6609E-01  8.2000E+00  7.2295E+00  9.7050E-01  1.1530E-01
  3.0000E+00  2.0200E+00  0.0000E+00  8.2847E+00 -4.3164E-01 -5.2060E-01  7.8000E+00  8.2118E+00 -4.1176E-01 -5.8858E-01
  3.0000E+00  3.6200E+00  0.0000E+00  7.2924E+00  2.0815E-01  7.4288E-02  7.5000E+00  7.5468E+00 -4.6835E-02  6.9498E-02
  3.0000E+00  5.0800E+00  0.0000E+00  6.4103E+00 -2.3718E-01 -3.7578E-01  6.2000E+00  6.6797E+00 -4.7965E-01 -3.3816E-01
  3.0000E+00  7.0700E+00  0.0000E+00  5.3738E+00 -9.7224E-02 -2.3961E-01  5.3000E+00  5.6169E+00 -3.1687E-01 -2.0537E-01
  3.0000E+00  9.0000E+00  0.0000E+00  4.5288E+00  5.6511E-01  4.1927E-01  4.9000E+00  4.7445E+00  1.5552E-01  4.1521E-01
  3.0000E+00  1.2150E+01  0.0000E+00  3.4254E+00  5.1863E-01  3.6912E-01  3.7000E+00  3.6017E+00  9.8266E-02  3.5484E-01
  3.0000E+00  2.4170E+01  0.0000E+00  1.1802E+00 -4.0750E-01 -5.2440E-01  1.0500E+00  1.2584E+00 -2.0844E-01 -5.3533E-01
  4.0000E+00  0.0000E+00  1.0000E+00  0.0000E+00  0.0000E+00  0.0000E+00  0.0000E+00  0.0000E+00  0.0000E+00  0.0000E+00
  4.0000E+00  0.0000E+00  0.0000E+00  0.0000E+00  0.0000E+00  0.0000E+00  0.0000E+00  0.0000E+00  0.0000E+00  0.0000E+00
  4.0000E+00  3.5000E-01  0.0000E+00  3.1350E+00 -2.5026E+00 -2.7105E+00  1.8900E+00  3.7866E+00 -1.8966E+00 -2.0813E+00
  4.0000E+00  6.0000E-01  0.0000E+00  4.6909E+00 -1.3446E-01 -4.0775E-01  4.6000E+00  5.4395E+00 -8.3946E-01 -2.6796E-01
  4.0000E+00  1.0700E+00  0.0000E+00  6.5659E+00  2.2449E+00  2.0096E+00  8.6000E+00  7.1413E+00  1.4587E+00  1.8303E+00
  4.0000E+00  2.1300E+00  0.0000E+00  8.0444E+00  3.0721E-01  2.8896E-01  8.3800E+00  7.9715E+00  4.0852E-01  2.8176E-01
  4.0000E+00  3.5000E+00  0.0000E+00  7.8609E+00 -3.0011E-01 -1.6364E-01  7.5400E+00  7.3988E+00  1.4118E-01 -1.9575E-01
  4.0000E+00  5.0200E+00  0.0000E+00  7.0467E+00 -1.7248E-01 -7.5285E-03  6.8800E+00  6.5216E+00  3.5838E-01 -3.0043E-02
  4.0000E+00  7.0200E+00  0.0000E+00  5.9414E+00 -1.9483E-01 -7.4318E-02  5.7800E+00  5.4796E+00  3.0043E-01 -9.1886E-02
  4.0000E+00  9.0200E+00  0.0000E+00  4.9834E+00  4.8714E-01  5.4595E-01  5.3300E+00  4.6003E+00  7.2973E-01  5.7197E-01
  4.0000E+00  1.1980E+01  0.0000E+00  3.8374E+00  6.1209E-01  5.8921E-01  4.1900E+00  3.5508E+00  6.3921E-01  6.1808E-01
  4.0000E+00  2.4650E+01  0.0000E+00  1.2531E+00 -3.1793E-01 -4.6024E-01  1.1500E+00  1.1721E+00 -2.2062E-02 -4.6444E-01
  5.0000E+00  0.0000E+00  1.0000E+00  0.0000E+00  0.0000E+00  0.0000E+00  0.0000E+00  0.0000E+00  0.0000E+00  0.0000E+00
  5.0000E+00  0.0000E+00  0.0000E+00  0.0000E+00  0.0000E+00  0.0000E+00  0.0000E+00  0.0000E+00  0.0000E+00  0.0000E+00
  5.0000E+00  3.0000E-01  0.0000E+00  3.8028E+00 -3.1160E+00 -3.1056E+00  2.0200E+00  4.4835E+00 -2.4635E+00 -2.4789E+00
  5.0000E+00  5.2000E-01  0.0000E+00  5.7371E+00 -1.3332E-01 -2.4694E-01  5.6300E+00  6.6368E+00 -1.0068E+00 -2.0034E-01
  5.0000E+00  1.0000E+00  0.0000E+00  8.3044E+00  2.7506E+00  2.5552E+00  1.1400E+01  9.2841E+00  2.1159E+00  2.2007E+00
  5.0000E+00  2.0200E+00  0.0000E+00  9.9339E+00 -4.5283E-01 -6.1571E-01  9.3300E+00  1.0623E+01 -1.2927E+00 -5.8478E-01
  5.0000E+00  3.5000E+00  0.0000E+00  9.4227E+00 -5.3837E-01 -6.5298E-01  8.7400E+00  9.8539E+00 -1.1139E+00 -6.3156E-01
  5.0000E+00  5.0200E+00  0.0000E+00  8.3238E+00 -6.7719E-01 -7.7967E-01  7.5600E+00  8.6856E+00 -1.1256E+00 -7.4800E-01
  5.0000E+00  7.0200E+00  0.0000E+00  6.9610E+00  1.3497E-01  3.3944E-02  7.0900E+00  7.2978E+00 -2.0779E-01  3.0280E-02
  5.0000E+00  9.1000E+00  0.0000E+00  5.7663E+00  1.6565E-01  6.5127E-02  5.9000E+00  6.0840E+00 -1.8400E-01  5.9834E-02
  5.0000E+00  1.2000E+01  0.0000E+00  4.4336E+00 -9.8453E-02 -1.9588E-01  4.3700E+00  4.7207E+00 -3.5074E-01 -1.8348E-01
  5.0000E+00  2.4350E+01  0.0000E+00  1.4475E+00  3.6255E-01  3.0083E-01  1.5700E+00  1.6025E+00 -3.2484E-02  2.7703E-01
  6.0000E+00  0.0000E+00  1.0000E+00  0.0000E+00  0.0000E+00  0.0000E+00  0.0000E+00  0.0000E+00  0.0000E+00  0.0000E+00
  6.0000E+00  0.0000E+00  0.0000E+00  0.0000E+00  0.0000E+00  0.0000E+00  0.0000E+00  0.0000E+00  0.0000E+00  0.0000E+00
  6.0000E+00  2.7000E-01  0.0000E+00  1.8667E+00 -1.5513E+00 -1.8986E+00  1.2900E+00  2.8160E+00 -1.5260E+00 -1.2754E+00
  6.0000E+00  5.8000E-01  0.0000E+00  3.4099E+00 -6.2504E-01 -1.1522E+00  3.0800E+00  4.8465E+00 -1.7665E+00 -7.9937E-01
  6.0000E+00  1.1500E+00  0.0000E+00  5.1033E+00  1.8414E+00  1.2648E+00  6.4400E+00  6.6447E+00 -2.0470E-01  9.0655E-01
  6.0000E+00  2.0300E+00  0.0000E+00  6.0779E+00  2.8638E-01 -1.8585E-01  6.3200E+00  7.2511E+00 -9.3107E-01 -2.3295E-01
  6.0000E+00  3.5700E+00  0.0000E+00  5.9580E+00 -5.1533E-01 -8.2862E-01  5.5300E+00  6.6899E+00 -1.1599E+00 -7.7561E-01
  6.0000E+00  5.0000E+00  0.0000E+00  5.3228E+00 -5.0862E-01 -7.6597E-01  4.9400E+00  5.9390E+00 -9.9898E-01 -7.0446E-01
  6.0000E+00  7.0000E+00  0.0000E+00  4.4028E+00 -5.9626E-01 -8.3866E-01  4.0200E+00  4.9901E+00 -9.7014E-01 -7.6214E-01
  6.0000E+00  9.2200E+00  0.0000E+00  3.5361E+00 -1.4043E-01 -3.8312E-01  3.4600E+00  4.1095E+00 -6.4953E-01 -3.5997E-01
  6.0000E+00  1.2100E+01  0.0000E+00  2.6561E+00  2.7728E-01  4.0734E-02  2.7800E+00  3.1943E+00 -4.1428E-01  3.1737E-03
  6.0000E+00  2.3850E+01  0.0000E+00  8.2567E-01  3.1464E-01  1.7072E-01  9.2000E-01  1.1428E+00 -2.2275E-01  1.4437E-01
  7.0000E+00  0.0000E+00  1.0000E+00  0.0000E+00  0.0000E+00  0.0000E+00  0.0000E+00  0.0000E+00  0.0000E+00  0.0000E+00
  7.0000E+00  0.0000E+00  0.0000E+00  0.0000E+00  5.3661E-01  5.3661E-01  1.5000E-01  0.0000E+00  1.5000E-01  5.3661E-01
  7.0000E+00  2.5000E-01  0.0000E+00  1.4011E+00 -1.6470E+00 -2.1054E+00  8.5000E-01  3.2749E+00 -2.4249E+00 -9.1375E-01
  7.0000E+00  5.0000E-01  0.0000E+00  2.5654E+00 -4.9215E-01 -1.2249E+00  2.3500E+00  5.4667E+00 -3.1167E+00 -6.7711E-01
  7.0000E+00  1.0200E+00  0.0000E+00  4.3752E+00  1.0094E+00  4.2123E-02  5.0200E+00  7.8998E+00 -2.8798E+00 -4.1088E-01
  7.0000E+00  2.0200E+00  0.0000E+00  6.2455E+00  3.8611E-01 -5.4270E-01  6.5800E+00  8.9731E+00 -2.3931E+00 -8.5291E-01
  7.0000E+00  3.4800E+00  0.0000E+00  6.9327E+00  1.6519E-01 -4.7026E-01  7.0900E+00  8.3364E+00 -1.2464E+00 -5.2395E-01
  7.0000E+00  5.0000E+00  0.0000E+00  6.5869E+00  8.0491E-02 -3.1122E-01  6.6600E+00  7.3495E+00 -6.8948E-01 -1.8852E-01
  7.0000E+00  6.9800E+00  0.0000E+00  5.6799E+00 -5.3988E-01 -7.7032E-01  5.2500E+00  6.1861E+00 -9.3611E-01 -5.4422E-01
  7.0000E+00  9.0000E+00  0.0000E+00  4.7232E+00 -4.8986E-01 -6.6674E-01  4.3900E+00  5.1844E+00 -7.9437E-01 -4.6862E-01
  7.0000E+00  1.2050E+01  0.0000E+00  3.5087E+00  3.9464E-02 -1.3203E-01  3.5300E+00  3.9703E+00 -4.4025E-01 -5.4393E-02
  7.0000E+00  2.4220E+01  0.0000E+00  1.0433E+00  3.4265E-01  1.9748E-01  1.1500E+00  1.3691E+00 -2.1912E-01  2.8105E-02
  8.0000E+00  0.0000E+00  1.0000E+00  0.0000E+00  0.0000E+00  0.0000E+00  0.0000E+00  0.0000E+00  0.0000E+00  0.0000E+00
  8.0000E+00  0.0000E+00  0.0000E+00  0.0000E+00  0.0000E+00  0.0000E+00  0.0000E+00  0.0000E+00  0.0000E+00  0.0000E+00
  8.0000E+00  2.5000E-01  0.0000E+00  2.6479E+00  9.0136E-01  1.0578E+00  3.0500E+00  2.9970E+00  5.2998E-02  8.9386E-01
  8.0000E+00  5.2000E-01  0.0000E+00  4.5606E+00 -2.2862E+00 -2.2225E+00  3.0500E+00  5.1305E+00 -2.0805E+00 -1.9082E+00
  8.0000E+00  9.8000E-01  0.0000E+00  6.3834E+00  1.0489E+00  9.6511E-01  7.3100E+00  7.1224E+00  1.8764E-01  8.1040E-01
  8.0000E+00  2.0200E+00  0.0000E+00  7.4364E+00  1.2170E-01 -1.2945E-01  7.5600E+00  8.2118E+00 -6.5176E-01 -1.3902E-01
  8.0000E+00  3.5300E+00  0.0000E+00  6.9034E+00 -3.3042E-01 -6.3707E-01  6.5900E+00  7.5999E+00 -1.0099E+00 -5.9345E-01
  8.0000E+00  5.0500E+00  0.0000E+00  6.0707E+00 -2.2577E-01 -5.1720E-01  5.8800E+00  6.6970E+00 -8.1696E-01 -4.8153E-01
  8.0000E+00  7.1500E+00  0.0000E+00  5.0332E+00 -4.2258E-01 -6.6998E-01  4.7300E+00  5.5777E+00 -8.4772E-01 -6.1974E-01
  8.0000E+00  9.0700E+00  0.0000E+00  4.2365E+00  5.3586E-01  3.3033E-01  4.5700E+00  4.7155E+00 -1.4552E-01  2.8414E-01
  8.0000E+00  1.2100E+01  0.0000E+00  3.2274E+00 -4.4805E-01 -5.9346E-01  3.0000E+00  3.6175E+00 -6.1752E-01 -5.5299E-01
  8.0000E+00  2.4120E+01  0.0000E+00  1.0969E+00  4.8699E-01  4.7698E-01  1.2500E+00  1.2640E+00 -1.3958E-02  4.3937E-01
  9.0000E+00  0.0000E+00  1.0000E+00  0.0000E+00  0.0000E+00  0.0000E+00  0.0000E+00  0.0000E+00  0.0000E+00  0.0000E+00
  9.0000E+00  0.0000E+00  0.0000E+00  0.0000E+00  0.0000E+00  0.0000E+00  0.0000E+00  0.0000E+00  0.0000E+00  0.0000E+00
  9.0000E+00  3.0000E-01  0.0000E+00  6.5446E+00  9.1360E-01  2.3278E+00  7.3700E+00  2.3718E+00  4.9982E+00  4.4791E+00
  9.0000E+00  6.3000E-01  0.0000E+00  7.4549E+00  1.5476E+00  2.1036E+00  9.0300E+00  3.9421E+00  5.0879E+00  2.3445E+00
  9.0000E+00  1.0500E+00  0.0000E+00  7.3516E+00 -2.1063E-01  6.2995E-02  7.1400E+00  4.9987E+00  2.1413E+00 -1.3059E+00
  9.0000E+00  2.0200E+00  0.0000E+00  6.7884E+00 -4.9081E-01 -2.5876E-01  6.3300E+00  5.6195E+00  7.1048E-01 -8.1483E-01
  9.0000E+00  3.5300E+00  0.0000E+00  5.9790E+00 -3.8292E-01 -1.5099E-01  5.6600E+00  5.2008E+00  4.5921E-01  2.3802E-01
  9.0000E+00  5.0200E+00  0.0000E+00  5.2750E+00  5.2893E-01  7.5913E-01  5.6700E+00  4.5948E+00  1.0752E+00  1.3901E+00
  9.0000E+00  7.1700E+00  0.0000E+00  4.4027E+00 -2.5338E-01 -2.8970E-02  4.2400E+00  3.8103E+00  4.2968E-01  3.6897E-01
  9.0000E+00  8.8000E+00  0.0000E+00  3.8388E+00  4.7060E-01  6.8813E-01  4.1100E+00  3.3041E+00  8.0592E-01  1.0113E+00
  9.0000E+00  1.1600E+01  0.0000E+00  3.0336E+00  2.5985E-01  4.6134E-01  3.1600E+00  2.5863E+00  5.7374E-01  4.9582E-01
  9.0000E+00  2.4430E+01  0.0000E+00  1.0315E+00  2.8497E-01  3.9518E-01  1.1200E+00  8.4182E-01  2.7818E-01 -1.8641E-01
  1.0000E+01  0.0000E+00  1.0000E+00  0.0000E+00  0.0000E+00  0.0000E+00  0.0000E+00  0.0000E+00  0.0000E+00  0.0000E+00
  1.0000E+01  0.0000E+00  0.0000E+00  0.0000E+00  8.5857E-01  8.5857E-01  2.4000E-01  0.0000E+00  2.4000E-01  8.5857E-01
  1.0000E+01  3.7000E-01  0.0000E+00  2.8804E+00  2.0497E-02 -3.7458E-01  2.8900E+00  4.9317E+00 -2.0417E+00 -1.5044E-01
  1.0000E+01  7.7000E-01  0.0000E+00  5.1283E+00  1.2575E-01 -3.9395E-01  5.2200E+00  7.7807E+00 -2.5607E+00 -4.5553E-01
  1.0000E+01  1.0200E+00  0.0000E+00  6.1812E+00  2.6664E-01 -2.6469E-01  6.4100E+00  8.7775E+00 -2.3675E+00 -4.5866E-01
  1.0000E+01  2.0500E+00  0.0000E+00  8.6254E+00 -6.8201E-01 -1.0627E+00  7.8300E+00  9.9700E+00 -2.1400E+00 -1.1661E+00
  1.0000E+01  3.5500E+00  0.0000E+00  9.3693E+00  6.6655E-01  5.7741E-01  1.0210E+01  9.2129E+00  9.9706E-01  5.6024E-01
  1.0000E+01  5.0500E+00  0.0000E+00  8.9292E+00  2.0810E-01  3.0409E-01  9.1800E+00  8.1310E+00  1.0490E+00  4.0955E-01
  1.0000E+01  7.0800E+00  0.0000E+00  7.8940E+00  1.1735E-01  3.2734E-01  8.0200E+00  6.8136E+00  1.2064E+00  4.4642E-01
  1.0000E+01  9.3800E+00  0.0000E+00  6.7183E+00  4.5585E-01  7.0563E-01  7.1400E+00  5.5721E+00  1.5679E+00  8.3145E-01
  1.0000E+01  1.2100E+01  0.0000E+00  5.5169E+00  2.1006E-01  4.6313E-01  5.6800E+00  4.3921E+00  1.2879E+00  4.7817E-01
  1.0000E+01  2.3700E+01  0.0000E+00  2.3671E+00  1.2648E-01  2.8690E-01  2.4200E+00  1.5920E+00  8.2796E-01  1.3812E-01
  1.1000E+01  0.0000E+00  1.0000E+00  0.0000E+00  0.0000E+00  0.0000E+00  0.0000E+00  0.0000E+00  0.0000E+00  0.0000E+00
  1.1000E+01  0.0000E+00  0.0000E+00  0.0000E+00  0.0000E+00  0.0000E+00  0.0000E+00  0.0000E+00  0.0000E+00  0.0000E+00
  1.1000E+01  2.5000E-01  0.0000E+00  4.7366E+00  1.8108E-01  5.4844E-01  4.8600E+00  3.2550E+00  1.6050E+00  1.0653E+00
  1.1000E+01  5.0000E-01  0.0000E+00  6.8444E+00  4.2043E-01  5.6262E-01  7.2400E+00  5.4336E+00  1.8064E+00  7.9688E-01
  1.1000E+01  9.8000E-01  0.0000E+00  8.0018E+00 -1.6354E-03 -3.1534E-01  8.0000E+00  7.7355E+00  2.6446E-01 -3.7549E-01
  1.1000E+01  1.9800E+00  0.0000E+00  7.6248E+00 -7.8405E-01 -1.3826E+00  6.8100E+00  8.9172E+00 -2.1072E+00 -1.3630E+00
  1.1000E+01  3.6000E+00  0.0000E+00  6.4557E+00 -6.5635E-01 -1.2560E+00  5.8700E+00  8.2094E+00 -2.3394E+00 -1.0804E+00
  1.1000E+01  5.0200E+00  0.0000E+00  5.5642E+00 -4.4010E-01 -1.0065E+00  5.2200E+00  7.2924E+00 -2.0724E+00 -8.4375E-01
  1.1000E+01  7.0300E+00  0.0000E+00  4.5085E+00 -8.9308E-02 -6.0210E-01  4.4500E+00  6.1218E+00 -1.6718E+00 -5.4801E-01
  1.1000E+01  9.0300E+00  0.0000E+00  3.6569E+00 -6.6339E-02 -5.2307E-01  3.6200E+00  5.1394E+00 -1.5194E+00 -5.1730E-01
  1.1000E+01  1.2120E+01  0.0000E+00  2.6463E+00  9.8058E-02 -2.7462E-01  2.6900E+00  3.9221E+00 -1.2321E+00 -3.7008E-01
  1.1000E+01  2.4080E+01  0.0000E+00  7.5671E-01  3.4817E-01  2.0506E-01  8.6000E-01  1.3776E+00 -5.1759E-01  2.0927E-02
  1.2000E+01  0.0000E+00  1.0000E+00  0.0000E+00  0.0000E+00  0.0000E+00  0.0000E+00  0.0000E+00  0.0000E+00  0.0000E+00
  1.2000E+01  0.0000E+00  0.0000E+00  0.0000E+00  0.0000E+00  0.0000E+00  0.0000E+00  0.0000E+00  0.0000E+00  0.0000E+00
  1.2000E+01  2.5000E-01  0.0000E+00  2.2434E+00 -2.4466E+00 -2.8991E+00  1.2500E+00  3.5064E+00 -2.2564E+00 -1.6758E+00
  1.2000E+01  5.0000E-01  0.0000E+00  4.0246E+00 -1.0809E-01 -7.6545E-01  3.9600E+00  5.8532E+00 -1.8932E+00 -3.8317E-01
  1.2000E+01  1.0000E+00  0.0000E+00  6.5257E+00  1.4364E+00  7.3981E-01  7.8200E+00  8.3969E+00 -5.7688E-01  5.3504E-01
  1.2000E+01  2.0000E+00  0.0000E+00  8.8366E+00  7.4033E-01  3.3558E-01  9.7200E+00  9.6070E+00  1.1299E-01  2.4974E-01
  1.2000E+01  3.5200E+00  0.0000E+00  9.2196E+00  4.2704E-01  4.0798E-01  9.7500E+00  8.8985E+00  8.5148E-01  4.1265E-01
  1.2000E+01  5.0700E+00  0.0000E+00  8.3855E+00  1.6249E-01  2.9146E-01  8.5700E+00  7.8218E+00  7.4821E-01  3.2002E-01
  1.2000E+01  7.0700E+00  0.0000E+00  7.0235E+00 -4.4996E-01 -3.4449E-01  6.5900E+00  6.5716E+00  1.8390E-02 -3.4548E-01
  1.2000E+01  9.0300E+00  0.0000E+00  5.8087E+00  3.7100E-01  3.7024E-01  6.1100E+00  5.5364E+00  5.7361E-01  4.0279E-01
  1.2000E+01  1.2050E+01  0.0000E+00  4.3068E+00  4.1738E-01  2.4658E-01  4.5700E+00  4.2510E+00  3.1902E-01  2.6741E-01
  1.2000E+01  2.4150E+01  0.0000E+00  1.2911E+00 -3.7035E-01 -7.2436E-01  1.1700E+00  1.4749E+00 -3.0493E-01 -7.2410E-01
