ID,DV,TIME
1,7.4000E-01,0.0000E+00
1,2.8400E+00,2.5000E-01
1,6.5700E+00,5.7000E-01
1,1.0500E+01,1.1200E+00
1,9.6600E+00,2.0200E+00
1,8.5800E+00,3.8200E+00
1,8.3600E+00,5.1000E+00
1,7.4700E+00,7.0300E+00
1,6.8900E+00,9.0500E+00
1,5.9400E+00,1.2120E+01
1,3.2800E+00,2.4370E+01
2,0.0000E+00,0.0000E+00
2,1.7200E+00,2.7000E-01
2,7.9100E+00,5.2000E-01
2,8.3100E+00,1.0000E+00
2,8.3300E+00,1.9200E+00
2,6.8500E+00,3.5000E+00
2,6.0800E+00,5.0200E+00
2,5.4000E+00,7.0300E+00
2,4.5500E+00,9.0000E+00
2,3.0100E+00,1.2000E+01
2,9.0000E-01,2.4300E+01
3,0.0000E+00,0.0000E+00
3,4.4000E+00,2.7000E-01
3,6.9000E+00,5.8000E-01
3,8.2000E+00,1.0200E+00
3,7.8000E+00,2.0200E+00
3,7.5000E+00,3.6200E+00
3,6.2000E+00,5.0800E+00
3,5.3000E+00,7.0700E+00
3,4.9000E+00,9.0000E+00
3,3.7000E+00,1.2150E+01
3,1.0500E+00,2.4170E+01
4,0.0000E+00,0.0000E+00
4,1.8900E+00,3.5000E-01
4,4.6000E+00,6.0000E-01
4,8.6000E+00,1.0700E+00
4,8.3800E+00,2.1300E+00
4,7.5400E+00,3.5000E+00
4,6.8800E+00,5.0200E+00
4,5.7800E+00,7.0200E+00
4,5.3300E+00,9.0200E+00
4,4.1900E+00,1.1980E+01
4,1.1500E+00,2.4650E+01
5,0.0000E+00,0.0000E+00
5,2.0200E+00,3.0000E-01
5,5.6300E+00,5.2000E-01
5,1.1400E+01,1.0000E+00
5,9.3300E+00,2.0200E+00
5,8.7400E+00,3.5000E+00
5,7.5600E+00,5.0200E+00
5,7.0900E+00,7.0200E+00
5,5.9000E+00,9.1000E+00
5,4.3700E+00,1.2000E+01
5,1.5700E+00,2.4350E+01
6,0.0000E+00,0.0000E+00
6,1.2900E+00,2.7000E-01
6,3.0800E+00,5.8000E-01
6,6.4400E+00,1.1500E+00
6,6.3200E+00,2.0300E+00
6,5.5300E+00,3.5700E+00
6,4.9400E+00,5.0000E+00
6,4.0200E+00,7.0000E+00
6,3.4600E+00,9.2200E+00
6,2.7800E+00,1.2100E+01
6,9.2000E-01,2.3850E+01
7,1.5000E-01,0.0000E+00
7,8.5000E-01,2.5000E-01
7,2.3500E+00,5.0000E-01
7,5.0200E+00,1.0200E+00
7,6.5800E+00,2.0200E+00
7,7.0900E+00,3.4800E+00
7,6.6600E+00,5.0000E+00
7,5.2500E+00,6.9800E+00
7,4.3900E+00,9.0000E+00
7,3.5300E+00,1.2050E+01
7,1.1500E+00,2.4220E+01
8,0.0000E+00,0.0000E+00
8,3.0500E+00,2.5000E-01
8,3.0500E+00,5.2000E-01
8,7.3100E+00,9.8000E-01
8,7.5600E+00,2.0200E+00
8,6.5900E+00,3.5300E+00
8,5.8800E+00,5.0500E+00
8,4.7300E+00,7.1500E+00
8,4.5700E+00,9.0700E+00
8,3.0000E+00,1.2100E+01
8,1.2500E+00,2.4120E+01
9,0.0000E+00,0.0000E+00
9,7.3700E+00,3.0000E-01
9,9.0300E+00,6.3000E-01
9,7.1400E+00,1.0500E+00
9,6.3300E+00,2.0200E+00
9,5.6600E+00,3.5300E+00
9,5.6700E+00,5.0200E+00
9,4.2400E+00,7.1700E+00
9,4.1100E+00,8.8000E+00
9,3.1600E+00,1.1600E+01
9,1.1200E+00,2.4430E+01
10,2.4000E-01,0.0000E+00
10,2.8900E+00,3.7000E-01
10,5.2200E+00,7.7000E-01
10,6.4100E+00,1.0200E+00
10,7.8300E+00,2.0500E+00
10,1.0210E+01,3.5500E+00
10,9.1800E+00,5.0500E+00
10,8.0200E+00,7.0800E+00
10,7.1400E+00,9.3800E+00
10,5.6800E+00,1.2100E+01
10,2.4200E+00,2.3700E+01
11,0.0000E+00,0.0000E+00
11,4.8600E+00,2.5000E-01
11,7.2400E+00,5.0000E-01
11,8.0000E+00,9.8000E-01
11,6.8100E+00,1.9800E+00
11,5.8700E+00,3.6000E+00
11,5.2200E+00,5.0200E+00
11,4.4500E+00,7.0300E+00
11,3.6200E+00,9.0300E+00
11,2.6900E+00,1.2120E+01
11,8.6000E-01,2.4080E+01
12,0.0000E+00,0.0000E+00
12,1.2500E+00,2.5000E-01
12,3.9600E+00,5.0000E-01
12,7.8200E+00,1.0000E+00
12,9.7200E+00,2.0000E+00
12,9.7500E+00,3.5200E+00
12,8.5700E+00,5.0700E+00
12,6.5900E+00,7.0700E+00
12,6.1100E+00,9.0300E+00
12,4.5700E+00,1.2050E+01
12,1.1700E+00,2.4150E+01
