  1    0   0          0    1 0 0 2 74.25 1
  1    0   0          0    2 0 0 5 74.25 1
  1    0   0               3 0 1   74.25 1
  1    0 100          0    1 1 1 1 74.25 1
  1    0 100 -2       0    1 1 1 2 74.25 1
  1    0 100          0    2 1 1 4 74.25 1
  1    0 100 -2       0    2 1 1 5 74.25 1
  1 0.25   0      0.125    1 0 0 2 74.25 1
  1 0.25   0      0.125    2 0 0 5 74.25 1
  1  0.5   0      0.125    1 0 0 2 74.25 1
  1  0.5   0     0.3056    2 0 0 5 74.25 1
  1 0.75   0     3.5846    1 0 0 2 74.25 1
  1 0.75   0     2.9017    2 0 0 5 74.25 1
  1 0.75   0            68 3 0 1   74.25 1
  1    1   0    13.3253    1 0 0 2 74.25 1
  1    1   0    10.0809    2 0 0 5 74.25 1
  1  1.5   0    23.5858    1 0 0 2 74.25 1
  1  1.5   0    18.2464    2 0 0 5 74.25 1
  1  1.5   0             8 3 0 1   74.25 1
  1    2   0     24.032    1 0 0 2 74.25 1
  1    2   0    17.7353    2 0 0 5 74.25 1
  1    3   0    26.4553    1 0 0 2 74.25 1
  1    3   0     19.837    2 0 0 5 74.25 1
  1    3   0             9 3 0 1   74.25 1
  1    4   0    22.8114    1 0 0 2 74.25 1
  1    4   0    16.8455    2 0 0 5 74.25 1
  1    6   0     15.035    1 0 0 2 74.25 1
  1    6   0    10.4869    2 0 0 5 74.25 1
  1    6   0            33 3 0 1   74.25 1
  1    9   0    10.0702    1 0 0 2 74.25 1
  1    9   0     6.6858    2 0 0 5 74.25 1
  1    9   0            70 3 0 1   74.25 1
  1   24   0     1.8423    1 0 0 2 74.25 1
  1   24   0     1.4257    2 0 0 5 74.25 1
  1   24   0            86 3 0 1   74.25 1
  2    0   0          0    1 0 0 2    79 3
  2    0   0     1.9381    2 0 0 5    79 3
  2    0   0            79 3 0 1      79 3
  2    0 100          0    1 1 1 1    79 3
  2    0 100 -2       0    1 1 1 2    79 3
  2    0 100          0    2 1 1 4    79 3
  2    0 100 -2       0    2 1 1 5    79 3
  2 0.25   0       0.19    1 0 0 2    79 3
  2 0.25   0     0.4725    2 0 0 5    79 3
  2  0.5   0     3.0703    1 0 0 2    79 3
  2  0.5   0     5.2257    2 0 0 5    79 3
  2 0.75   0    13.1105    1 0 0 2    79 3
  2 0.75   0    13.0873    2 0 0 5    79 3
  2 0.75   0             4 3 0 1      79 3
  2    1   0    19.3744    1 0 0 2    79 3
  2    1   0    17.4388    2 0 0 5    79 3
  2  1.5   0    22.8942    1 0 0 2    79 3
  2  1.5   0    19.2397    2 0 0 5    79 3
  2  1.5   0             3 3 0 1      79 3
  2    2   0    23.5516    1 0 0 2    79 3
  2    2   0    19.4604    2 0 0 5    79 3
  2    3   0    27.8414    1 0 0 2    79 3
  2    3   0    21.2347    2 0 0 5    79 3
  2    3   0             0 3 0 1      79 3
  2    4   0    28.9135    1 0 0 2    79 3
  2    4   0    22.7696    2 0 0 5    79 3
  2    6   0    17.3091    1 0 0 2    79 3
  2    6   0    15.0316    2 0 0 5    79 3
  2    6   0             0 3 0 1      79 3
  2    9   0    11.2401    1 0 0 2    79 3
  2    9   0      7.629    2 0 0 5    79 3
  2    9   0             2 3 0 1      79 3
  2   24   0     3.6807    1 0 0 2    79 3
  2   24   0     2.7995    2 0 0 5    79 3
  2   24   0            77 3 0 1      79 3
  3    0   0     0.0391    1 0 0 2    48 1
  3    0   0          0    2 0 0 5    48 1
  3    0   0            48 3 0 1      48 1
  3    0 100          0    1 1 1 1    48 1
  3    0 100 -2       0    1 1 1 2    48 1
  3    0 100          0    2 1 1 4    48 1
  3    0 100 -2       0    2 1 1 5    48 1
  3 0.25   0     0.1634    1 0 0 2    48 1
  3 0.25   0     0.1068    2 0 0 5    48 1
  3  0.5   0     7.0182    1 0 0 2    48 1
  3  0.5   0     5.6208    2 0 0 5    48 1
  3 0.75   0    24.7129    1 0 0 2    48 1
  3 0.75   0    21.4427    2 0 0 5    48 1
  3    1   0    31.9212    1 0 0 2    48 1
  3    1   0    28.0544    2 0 0 5    48 1
  3  1.5   0     35.985    1 0 0 2    48 1
  3  1.5   0     32.235    2 0 0 5    48 1
  3  1.5   0            18 3 0 1      48 1
  3    2   0    34.6151    1 0 0 2    48 1
  3    2   0    30.4539    2 0 0 5    48 1
  3    3   0    30.1092    1 0 0 2    48 1
  3    3   0    25.4185    2 0 0 5    48 1
  3    3   0             8 3 0 1      48 1
  3    4   0    26.9362    1 0 0 2    48 1
  3    4   0    22.2853    2 0 0 5    48 1
  3    6   0    17.8809    1 0 0 2    48 1
  3    6   0     14.409    2 0 0 5    48 1
  3    6   0             6 3 0 1      48 1
  3    9   0    12.7397    1 0 0 2    48 1
  3    9   0     9.8411    2 0 0 5    48 1
  3    9   0            19 3 0 1      48 1
  3   24   0      5.085    1 0 0 2    48 1
  3   24   0     3.9141    2 0 0 5    48 1
  3   24   0            32 3 0 1      48 1
  4    0   0          0    1 0 0 2    86 1
  4    0   0          0    2 0 0 5    86 1
  4    0   0            86 3 0 1      86 1
  4    0 100          0    1 1 1 1    86 1
  4    0 100 -2       0    1 1 1 2    86 1
  4    0 100          0    2 1 1 4    86 1
  4    0 100 -2       0    2 1 1 5    86 1
  4 0.25   0     6.0348    1 0 0 2    86 1
  4 0.25   0     5.6404    2 0 0 5    86 1
  4  0.5   0    14.5339    1 0 0 2    86 1
  4  0.5   0    13.4505    2 0 0 5    86 1
  4 0.75   0    17.5606    1 0 0 2    86 1
  4 0.75   0    15.0142    2 0 0 5    86 1
  4    1   0    18.8153    1 0 0 2    86 1
  4    1   0    15.8463    2 0 0 5    86 1
  4  1.5   0    24.1152    1 0 0 2    86 1
  4  1.5   0    19.7298    2 0 0 5    86 1
  4  1.5   0            85 3 0 1      86 1
  4    2   0     27.555    1 0 0 2    86 1
  4    2   0    22.2247    2 0 0 5    86 1
  4    3   0    28.0077    1 0 0 2    86 1
  4    3   0    21.3868    2 0 0 5    86 1
  4    3   0            29 3 0 1      86 1
  4    4   0    23.1332    1 0 0 2    86 1
  4    4   0    17.4528    2 0 0 5    86 1
  4    6   0    14.2017    1 0 0 2    86 1
  4    6   0     9.5625    2 0 0 5    86 1
  4    6   0            10 3 0 1      86 1
  4    9   0    10.3297    1 0 0 2    86 1
  4    9   0      6.061    2 0 0 5    86 1
  4    9   0            43 3 0 1      86 1
  4   24   0     3.1668    1 0 0 2    86 1
  4   24   0     1.3374    2 0 0 5    86 1
  4   24   0            84 3 0 1      86 1
  5    0   0          0    1 0 0 2    80 3
  5    0   0          0    2 0 0 5    80 3
  5    0   0            80 3 0 1      80 3
  5    0 100          0    1 1 1 1    80 3
  5    0 100 -2       0    1 1 1 2    80 3
  5    0 100          0    2 1 1 4    80 3
  5    0 100 -2       0    2 1 1 5    80 3
  5 0.25   0     0.4362    1 0 0 2    80 3
  5 0.25   0     0.1572    2 0 0 5    80 3
  5  0.5   0     0.5503    1 0 0 2    80 3
  5  0.5   0      0.125    2 0 0 5    80 3
  5 0.75   0     2.0076    1 0 0 2    80 3
  5 0.75   0      2.028    2 0 0 5    80 3
  5    1   0     3.1263    1 0 0 2    80 3
  5    1   0     3.5552    2 0 0 5    80 3
  5  1.5   0     5.0249    1 0 0 2    80 3
  5  1.5   0     4.7554    2 0 0 5    80 3
  5  1.5   0            73 3 0 1      80 3
  5    2   0     6.5126    1 0 0 2    80 3
  5    2   0     6.3805    2 0 0 5    80 3
  5    3   0    29.0155    1 0 0 2    80 3
  5    3   0    34.6411    2 0 0 5    80 3
  5    3   0            10 3 0 1      80 3
  5    4   0    33.4659    1 0 0 2    80 3
  5    4   0    30.0453    2 0 0 5    80 3
  5    6   0    21.1321    1 0 0 2    80 3
  5    6   0    18.0017    2 0 0 5    80 3
  5    6   0             7 3 0 1      80 3
  5    9   0     13.461    1 0 0 2    80 3
  5    9   0    10.1001    2 0 0 5    80 3
  5    9   0            10 3 0 1      80 3
  5   24   0     4.5166    1 0 0 2    80 3
  5   24   0     2.0698    2 0 0 5    80 3
  5   24   0            84 3 0 1      80 3
  6    0   0          0    1 0 0 2    82 1
  6    0   0          0    2 0 0 5    82 1
  6    0   0            82 3 0 1      82 1
  6    0 100          0    1 1 1 1    82 1
  6    0 100 -2       0    1 1 1 2    82 1
  6    0 100          0    2 1 1 4    82 1
  6    0 100 -2       0    2 1 1 5    82 1
  6 0.25   0     3.2107    1 0 0 2    82 1
  6 0.25   0      2.365    2 0 0 5    82 1
  6  0.5   0     17.325    1 0 0 2    82 1
  6  0.5   0    16.1066    2 0 0 5    82 1
  6 0.75   0    18.7563    1 0 0 2    82 1
  6 0.75   0    17.3384    2 0 0 5    82 1
  6    1   0    19.6387    1 0 0 2    82 1
  6    1   0    17.4112    2 0 0 5    82 1
  6  1.5   0    22.6418    1 0 0 2    82 1
  6  1.5   0    19.6736    2 0 0 5    82 1
  6  1.5   0            30 3 0 1      82 1
  6    2   0    30.7516    1 0 0 2    82 1
  6    2   0    19.3555    2 0 0 5    82 1
  6    3   0    23.3818    1 0 0 2    82 1
  6    3   0    19.2231    2 0 0 5    82 1
  6    3   0             6 3 0 1      82 1
  6    4   0    22.7333    1 0 0 2    82 1
  6    4   0    17.8361    2 0 0 5    82 1
  6    6   0    13.6726    1 0 0 2    82 1
  6    6   0    10.9575    2 0 0 5    82 1
  6    6   0             1 3 0 1      82 1
  6    9   0     8.8011    1 0 0 2    82 1
  6    9   0     5.9979    2 0 0 5    82 1
  6    9   0            36 3 0 1      82 1
  6   24   0     1.9895    1 0 0 2    82 1
  6   24   0     1.8548    2 0 0 5    82 1
  6   24   0            83 3 0 1      82 1
  7    0   0     0.1107    1 0 0 2    88 3
  7    0   0          0    2 0 0 5    88 3
  7    0   0            88 3 0 1      88 3
  7    0 100          0    1 1 1 1    88 3
  7    0 100 -2       0    1 1 1 2    88 3
  7    0 100          0    2 1 1 4    88 3
  7    0 100 -2       0    2 1 1 5    88 3
  7 0.25   0     0.1734    1 0 0 2    88 3
  7 0.25   0     0.0854    2 0 0 5    88 3
  7  0.5   0     3.4593    1 0 0 2    88 3
  7  0.5   0     2.8636    2 0 0 5    88 3
  7 0.75   0    13.2107    1 0 0 2    88 3
  7 0.75   0    12.2673    2 0 0 5    88 3
  7    1   0    17.1671    1 0 0 2    88 3
  7    1   0    15.8661    2 0 0 5    88 3
  7  1.5   0    21.8609    1 0 0 2    88 3
  7  1.5   0    18.8976    2 0 0 5    88 3
  7  1.5   0             7 3 0 1      88 3
  7    2   0    28.4788    1 0 0 2    88 3
  7    2   0    23.9279    2 0 0 5    88 3
  7    3   0    33.4457    1 0 0 2    88 3
  7    3   0    26.1672    2 0 0 5    88 3
  7    3   0             4 3 0 1      88 3
  7    4   0    31.5697    1 0 0 2    88 3
  7    4   0     24.012    2 0 0 5    88 3
  7    6   0    15.4128    1 0 0 2    88 3
  7    6   0    12.8885    2 0 0 5    88 3
  7    6   0             0 3 0 1      88 3
  7    9   0     9.3693    1 0 0 2    88 3
  7    9   0     7.6866    2 0 0 5    88 3
  7    9   0            17 3 0 1      88 3
  7   24   0     2.4018    1 0 0 2    88 3
  7   24   0     2.3419    2 0 0 5    88 3
  7   24   0            80 3 0 1      88 3
  8    0   0          0    1 0 0 2    81 1
  8    0   0          0    2 0 0 5    81 1
  8    0   0            81 3 0 1      81 1
  8    0 100          0    1 1 1 1    81 1
  8    0 100 -2       0    1 1 1 2    81 1
  8    0 100          0    2 1 1 4    81 1
  8    0 100 -2       0    2 1 1 5    81 1
  8 0.25   0     0.2325    1 0 0 2    81 1
  8 0.25   0     3.2511    2 0 0 5    81 1
  8  0.5   0     5.0387    1 0 0 2    81 1
  8  0.5   0      7.456    2 0 0 5    81 1
  8 0.75   0    20.9656    1 0 0 2    81 1
  8 0.75   0    19.7062    2 0 0 5    81 1
  8    1   0    22.7388    1 0 0 2    81 1
  8    1   0    30.0359    2 0 0 5    81 1
  8  1.5   0    27.3458    1 0 0 2    81 1
  8  1.5   0    29.1211    2 0 0 5    81 1
  8  1.5   0            18 3 0 1      81 1
  8    2   0    30.8516    1 0 0 2    81 1
  8    2   0    31.1742    2 0 0 5    81 1
  8    3   0    31.3896    1 0 0 2    81 1
  8    3   0    30.0254    2 0 0 5    81 1
  8    3   0             1 3 0 1      81 1
  8    4   0    29.0198    1 0 0 2    81 1
  8    4   0     26.693    2 0 0 5    81 1
  8    6   0    20.2266    1 0 0 2    81 1
  8    6   0    18.3271    2 0 0 5    81 1
  8    6   0             2 3 0 1      81 1
  8    9   0    14.4194    1 0 0 2    81 1
  8    9   0    12.2346    2 0 0 5    81 1
  8    9   0             3 3 0 1      81 1
  8   24   0     6.5212    1 0 0 2    81 1
  8   24   0     3.9846    2 0 0 5    81 1
  8   24   0            63 3 0 1      81 1
  9    0   0          0    1 0 0 2 74.25 1
  9    0   0          0    2 0 0 5 74.25 1
  9    0 100          0    1 1 1 1 74.25 1
  9    0 100 -2       0    1 1 1 2 74.25 1
  9    0 100          0    2 1 1 4 74.25 1
  9    0 100 -2       0    2 1 1 5 74.25 1
  9 0.25   0      0.236    1 0 0 2 74.25 1
  9 0.25   0      1.033    2 0 0 5 74.25 1
  9  0.5   0      6.905    1 0 0 2 74.25 1
  9  0.5   0      7.393    2 0 0 5 74.25 1
  9 0.75   0      8.682    1 0 0 2 74.25 1
  9 0.75   0      8.785    2 0 0 5 74.25 1
  9    1   0      6.625    1 0 0 2 74.25 1
  9    1   0      6.093    2 0 0 5 74.25 1
  9  1.5   0      8.349    1 0 0 2 74.25 1
  9  1.5   0      7.476    2 0 0 5 74.25 1
  9    2   0     12.975    1 0 0 2 74.25 1
  9    2   0      7.671    2 0 0 5 74.25 1
  9    3   0     12.861    1 0 0 2 74.25 1
  9    3   0      7.388    2 0 0 5 74.25 1
  9    4   0     11.803    1 0 0 2 74.25 1
  9    4   0      9.791    2 0 0 5 74.25 1
  9    6   0     12.729    1 0 0 2 74.25 1
  9    6   0      7.706    2 0 0 5 74.25 1
  9    9   0      6.866    1 0 0 2 74.25 1
  9    9   0      4.707    2 0 0 5 74.25 1
  9   24   0      2.776    1 0 0 2 74.25 1
  9   24   0      1.187    2 0 0 5 74.25 1
 10    0   0          0    1 0 0 2 74.25 1
 10    0   0          0    2 0 0 5 74.25 1
 10    0 100          0    1 1 1 1 74.25 1
 10    0 100 -2       0    1 1 1 2 74.25 1
 10    0 100          0    2 1 1 4 74.25 1
 10    0 100 -2       0    2 1 1 5 74.25 1
 10 0.25   0      1.008    1 0 0 2 74.25 1
 10 0.25   0      1.436    2 0 0 5 74.25 1
 10  0.5   0      4.418    1 0 0 2 74.25 1
 10  0.5   0      4.585    2 0 0 5 74.25 1
 10 0.75   0      6.211    1 0 0 2 74.25 1
 10 0.75   0        5.8    2 0 0 5 74.25 1
 10    1   0      8.399    1 0 0 2 74.25 1
 10    1   0      7.272    2 0 0 5 74.25 1
 10  1.5   0     14.307    1 0 0 2 74.25 1
 10  1.5   0      9.038    2 0 0 5 74.25 1
 10    2   0     13.976    1 0 0 2 74.25 1
 10    2   0     11.612    2 0 0 5 74.25 1
 10    3   0     20.805    1 0 0 2 74.25 1
 10    3   0      13.87    2 0 0 5 74.25 1
 10    4   0     13.635    1 0 0 2 74.25 1
 10    4   0     11.176    2 0 0 5 74.25 1
 10    6   0     11.011    1 0 0 2 74.25 1
 10    6   0      7.171    2 0 0 5 74.25 1
 10    9   0      6.869    1 0 0 2 74.25 1
 10    9   0      2.285    2 0 0 5 74.25 1
 10   24   0      3.814    1 0 0 2 74.25 1
 10   24   0      1.258    2 0 0 5 74.25 1
 11    0   0          0    1 0 0 2 74.25 1
 11    0   0          0    2 0 0 5 74.25 1
 11    0 100          0    1 1 1 1 74.25 1
 11    0 100 -2       0    1 1 1 2 74.25 1
 11    0 100          0    2 1 1 4 74.25 1
 11    0 100 -2       0    2 1 1 5 74.25 1
 11 0.25   0      0.125    1 0 0 2 74.25 1
 11 0.25   0      0.125    2 0 0 5 74.25 1
 11  0.5   0      6.581    1 0 0 2 74.25 1
 11  0.5   0      6.756    2 0 0 5 74.25 1
 11 0.75   0     17.426    1 0 0 2 74.25 1
 11 0.75   0     17.463    2 0 0 5 74.25 1
 11    1   0     19.577    1 0 0 2 74.25 1
 11    1   0     17.158    2 0 0 5 74.25 1
 11  1.5   0     23.993    1 0 0 2 74.25 1
 11  1.5   0       17.3    2 0 0 5 74.25 1
 11    2   0     25.174    1 0 0 2 74.25 1
 11    2   0      18.08    2 0 0 5 74.25 1
 11    3   0     25.129    1 0 0 2 74.25 1
 11    3   0     17.592    2 0 0 5 74.25 1
 11    4   0     21.617    1 0 0 2 74.25 1
 11    4   0     16.436    2 0 0 5 74.25 1
 11    6   0     16.503    1 0 0 2 74.25 1
 11    6   0     10.475    2 0 0 5 74.25 1
 11    9   0      9.187    1 0 0 2 74.25 1
 11    9   0      5.344    2 0 0 5 74.25 1
 11   24   0      3.366    1 0 0 2 74.25 1
 11   24   0       1.23    2 0 0 5 74.25 1
 12    0   0          0    1 0 0 2 74.25 1
 12    0   0          0    2 0 0 5 74.25 1
 12    0 100          0    1 1 1 1 74.25 1
 12    0 100 -2       0    1 1 1 2 74.25 1
 12    0 100          0    2 1 1 4 74.25 1
 12    0 100 -2       0    2 1 1 5 74.25 1
 12 0.25   0      4.162    1 0 0 2 74.25 1
 12 0.25   0      3.853    2 0 0 5 74.25 1
 12  0.5   0     10.391    1 0 0 2 74.25 1
 12  0.5   0      9.173    2 0 0 5 74.25 1
 12 0.75   0     11.221    1 0 0 2 74.25 1
 12 0.75   0     10.067    2 0 0 5 74.25 1
 12    1   0     13.123    1 0 0 2 74.25 1
 12    1   0      8.541    2 0 0 5 74.25 1
 12  1.5   0     20.522    1 0 0 2 74.25 1
 12  1.5   0     11.625    2 0 0 5 74.25 1
 12    2   0     22.611    1 0 0 2 74.25 1
 12    2   0     15.976    2 0 0 5 74.25 1
 12    3   0      25.77    1 0 0 2 74.25 1
 12    3   0     17.754    2 0 0 5 74.25 1
 12    4   0      26.52    1 0 0 2 74.25 1
 12    4   0     19.855    2 0 0 5 74.25 1
 12    6   0     18.136    1 0 0 2 74.25 1
 12    6   0     15.089    2 0 0 5 74.25 1
 12    9   0     12.446    1 0 0 2 74.25 1
 12    9   0      7.759    2 0 0 5 74.25 1
 12   24   0       6.72    1 0 0 2 74.25 1
 12   24   0      3.829    2 0 0 5 74.25 1
