TABLE NO.  2
 ID          CL          V           KA          K           ETA1        ETA2        ETA3
  1.0000E+00  2.2855E-02  3.5319E-01  1.6464E+00  6.4711E-02 -5.5819E-01 -2.6825E-01  2.6892E-02
  1.0000E+00  2.2855E-02  3.5319E-01  1.6464E+00  6.4711E-02 -5.5819E-01 -2.6825E-01  2.6892E-02
  1.0000E+00  2.2855E-02  3.5319E-01  1.6464E+00  6.4711E-02 -5.5819E-01 -2.6825E-01  2.6892E-02
  1.0000E+00  2.2855E-02  3.5319E-01  1.6464E+00  6.4711E-02 -5.5819E-01 -2.6825E-01  2.6892E-02
  1.0000E+00  2.2855E-02  3.5319E-01  1.6464E+00  6.4711E-02 -5.5819E-01 -2.6825E-01  2.6892E-02
  1.0000E+00  2.2855E-02  3.5319E-01  1.6464E+00  6.4711E-02 -5.5819E-01 -2.6825E-01  2.6892E-02
  1.0000E+00  2.2855E-02  3.5319E-01  1.6464E+00  6.4711E-02 -5.5819E-01 -2.6825E-01  2.6892E-02
  1.0000E+00  2.2855E-02  3.5319E-01  1.6464E+00  6.4711E-02 -5.5819E-01 -2.6825E-01  2.6892E-02
  1.0000E+00  2.2855E-02  3.5319E-01  1.6464E+00  6.4711E-02 -5.5819E-01 -2.6825E-01  2.6892E-02
  1.0000E+00  2.2855E-02  3.5319E-01  1.6464E+00  6.4711E-02 -5.5819E-01 -2.6825E-01  2.6892E-02
  1.0000E+00  2.2855E-02  3.5319E-01  1.6464E+00  6.4711E-02 -5.5819E-01 -2.6825E-01  2.6892E-02
  1.0000E+00  2.2855E-02  3.5319E-01  1.6464E+00  6.4711E-02 -5.5819E-01 -2.6825E-01  2.6892E-02
  2.0000E+00  4.1170E-02  4.6592E-01  2.1136E+00  8.8363E-02  3.0348E-02  8.7692E-03  2.7673E-01
  2.0000E+00  4.1170E-02  4.6592E-01  2.1136E+00  8.8363E-02  3.0348E-02  8.7692E-03  2.7673E-01
  2.0000E+00  4.1170E-02  4.6592E-01  2.1136E+00  8.8363E-02  3.0348E-02  8.7692E-03  2.7673E-01
  2.0000E+00  4.1170E-02  4.6592E-01  2.1136E+00  8.8363E-02  3.0348E-02  8.7692E-03  2.7673E-01
  2.0000E+00  4.1170E-02  4.6592E-01  2.1136E+00  8.8363E-02  3.0348E-02  8.7692E-03  2.7673E-01
  2.0000E+00  4.1170E-02  4.6592E-01  2.1136E+00  8.8363E-02  3.0348E-02  8.7692E-03  2.7673E-01
  2.0000E+00  4.1170E-02  4.6592E-01  2.1136E+00  8.8363E-02  3.0348E-02  8.7692E-03  2.7673E-01
  2.0000E+00  4.1170E-02  4.6592E-01  2.1136E+00  8.8363E-02  3.0348E-02  8.7692E-03  2.7673E-01
  2.0000E+00  4.1170E-02  4.6592E-01  2.1136E+00  8.8363E-02  3.0348E-02  8.7692E-03  2.7673E-01
  2.0000E+00  4.1170E-02  4.6592E-01  2.1136E+00  8.8363E-02  3.0348E-02  8.7692E-03  2.7673E-01
  2.0000E+00  4.1170E-02  4.6592E-01  2.1136E+00  8.8363E-02  3.0348E-02  8.7692E-03  2.7673E-01
  2.0000E+00  4.1170E-02  4.6592E-01  2.1136E+00  8.8363E-02  3.0348E-02  8.7692E-03  2.7673E-01
  3.0000E+00  4.1484E-02  4.6723E-01  2.2252E+00  8.8788E-02  3.7948E-02  1.1563E-02  3.2816E-01
  3.0000E+00  4.1484E-02  4.6723E-01  2.2252E+00  8.8788E-02  3.7948E-02  1.1563E-02  3.2816E-01
  3.0000E+00  4.1484E-02  4.6723E-01  2.2252E+00  8.8788E-02  3.7948E-02  1.1563E-02  3.2816E-01
  3.0000E+00  4.1484E-02  4.6723E-01  2.2252E+00  8.8788E-02  3.7948E-02  1.1563E-02  3.2816E-01
  3.0000E+00  4.1484E-02  4.6723E-01  2.2252E+00  8.8788E-02  3.7948E-02  1.1563E-02  3.2816E-01
  3.0000E+00  4.1484E-02  4.6723E-01  2.2252E+00  8.8788E-02  3.7948E-02  1.1563E-02  3.2816E-01
  3.0000E+00  4.1484E-02  4.6723E-01  2.2252E+00  8.8788E-02  3.7948E-02  1.1563E-02  3.2816E-01
  3.0000E+00  4.1484E-02  4.6723E-01  2.2252E+00  8.8788E-02  3.7948E-02  1.1563E-02  3.2816E-01
  3.0000E+00  4.1484E-02  4.6723E-01  2.2252E+00  8.8788E-02  3.7948E-02  1.1563E-02  3.2816E-01
  3.0000E+00  4.1484E-02  4.6723E-01  2.2252E+00  8.8788E-02  3.7948E-02  1.1563E-02  3.2816E-01
  3.0000E+00  4.1484E-02  4.6723E-01  2.2252E+00  8.8788E-02  3.7948E-02  1.1563E-02  3.2816E-01
  3.0000E+00  4.1484E-02  4.6723E-01  2.2252E+00  8.8788E-02  3.7948E-02  1.1563E-02  3.2816E-01
  4.0000E+00  3.6169E-02  4.4265E-01  1.2455E+00  8.1710E-02 -9.9171E-02 -4.2476E-02 -2.5212E-01
  4.0000E+00  3.6169E-02  4.4265E-01  1.2455E+00  8.1710E-02 -9.9171E-02 -4.2476E-02 -2.5212E-01
  4.0000E+00  3.6169E-02  4.4265E-01  1.2455E+00  8.1710E-02 -9.9171E-02 -4.2476E-02 -2.5212E-01
  4.0000E+00  3.6169E-02  4.4265E-01  1.2455E+00  8.1710E-02 -9.9171E-02 -4.2476E-02 -2.5212E-01
  4.0000E+00  3.6169E-02  4.4265E-01  1.2455E+00  8.1710E-02 -9.9171E-02 -4.2476E-02 -2.5212E-01
  4.0000E+00  3.6169E-02  4.4265E-01  1.2455E+00  8.1710E-02 -9.9171E-02 -4.2476E-02 -2.5212E-01
  4.0000E+00  3.6169E-02  4.4265E-01  1.2455E+00  8.1710E-02 -9.9171E-02 -4.2476E-02 -2.5212E-01
  4.0000E+00  3.6169E-02  4.4265E-01  1.2455E+00  8.1710E-02 -9.9171E-02 -4.2476E-02 -2.5212E-01
  4.0000E+00  3.6169E-02  4.4265E-01  1.2455E+00  8.1710E-02 -9.9171E-02 -4.2476E-02 -2.5212E-01
  4.0000E+00  3.6169E-02  4.4265E-01  1.2455E+00  8.1710E-02 -9.9171E-02 -4.2476E-02 -2.5212E-01
  4.0000E+00  3.6169E-02  4.4265E-01  1.2455E+00  8.1710E-02 -9.9171E-02 -4.2476E-02 -2.5212E-01
  4.0000E+00  3.6169E-02  4.4265E-01  1.2455E+00  8.1710E-02 -9.9171E-02 -4.2476E-02 -2.5212E-01
  5.0000E+00  4.4182E-02  4.8586E-01  1.4396E+00  9.0935E-02  1.0095E-01  5.0671E-02 -1.0731E-01
  5.0000E+00  4.4182E-02  4.8586E-01  1.4396E+00  9.0935E-02  1.0095E-01  5.0671E-02 -1.0731E-01
  5.0000E+00  4.4182E-02  4.8586E-01  1.4396E+00  9.0935E-02  1.0095E-01  5.0671E-02 -1.0731E-01
  5.0000E+00  4.4182E-02  4.8586E-01  1.4396E+00  9.0935E-02  1.0095E-01  5.0671E-02 -1.0731E-01
  5.0000E+00  4.4182E-02  4.8586E-01  1.4396E+00  9.0935E-02  1.0095E-01  5.0671E-02 -1.0731E-01
  5.0000E+00  4.4182E-02  4.8586E-01  1.4396E+00  9.0935E-02  1.0095E-01  5.0671E-02 -1.0731E-01
  5.0000E+00  4.4182E-02  4.8586E-01  1.4396E+00  9.0935E-02  1.0095E-01  5.0671E-02 -1.0731E-01
  5.0000E+00  4.4182E-02  4.8586E-01  1.4396E+00  9.0935E-02  1.0095E-01  5.0671E-02 -1.0731E-01
  5.0000E+00  4.4182E-02  4.8586E-01  1.4396E+00  9.0935E-02  1.0095E-01  5.0671E-02 -1.0731E-01
  5.0000E+00  4.4182E-02  4.8586E-01  1.4396E+00  9.0935E-02  1.0095E-01  5.0671E-02 -1.0731E-01
  5.0000E+00  4.4182E-02  4.8586E-01  1.4396E+00  9.0935E-02  1.0095E-01  5.0671E-02 -1.0731E-01
  5.0000E+00  4.4182E-02  4.8586E-01  1.4396E+00  9.0935E-02  1.0095E-01  5.0671E-02 -1.0731E-01
  6.0000E+00  4.9503E-02  5.1515E-01  1.1838E+00  9.6095E-02  2.1467E-01  1.0921E-01 -3.0295E-01
  6.0000E+00  4.9503E-02  5.1515E-01  1.1838E+00  9.6095E-02  2.1467E-01  1.0921E-01 -3.0295E-01
  6.0000E+00  4.9503E-02  5.1515E-01  1.1838E+00  9.6095E-02  2.1467E-01  1.0921E-01 -3.0295E-01
  6.0000E+00  4.9503E-02  5.1515E-01  1.1838E+00  9.6095E-02  2.1467E-01  1.0921E-01 -3.0295E-01
  6.0000E+00  4.9503E-02  5.1515E-01  1.1838E+00  9.6095E-02  2.1467E-01  1.0921E-01 -3.0295E-01
  6.0000E+00  4.9503E-02  5.1515E-01  1.1838E+00  9.6095E-02  2.1467E-01  1.0921E-01 -3.0295E-01
  6.0000E+00  4.9503E-02  5.1515E-01  1.1838E+00  9.6095E-02  2.1467E-01  1.0921E-01 -3.0295E-01
  6.0000E+00  4.9503E-02  5.1515E-01  1.1838E+00  9.6095E-02  2.1467E-01  1.0921E-01 -3.0295E-01
  6.0000E+00  4.9503E-02  5.1515E-01  1.1838E+00  9.6095E-02  2.1467E-01  1.0921E-01 -3.0295E-01
  6.0000E+00  4.9503E-02  5.1515E-01  1.1838E+00  9.6095E-02  2.1467E-01  1.0921E-01 -3.0295E-01
  6.0000E+00  4.9503E-02  5.1515E-01  1.1838E+00  9.6095E-02  2.1467E-01  1.0921E-01 -3.0295E-01
  6.0000E+00  4.9503E-02  5.1515E-01  1.1838E+00  9.6095E-02  2.1467E-01  1.0921E-01 -3.0295E-01
  7.0000E+00  4.9482E-02  5.2015E-01  7.3070E-01  9.5130E-02  2.1424E-01  1.1887E-01 -7.8543E-01
  7.0000E+00  4.9482E-02  5.2015E-01  7.3070E-01  9.5130E-02  2.1424E-01  1.1887E-01 -7.8543E-01
  7.0000E+00  4.9482E-02  5.2015E-01  7.3070E-01  9.5130E-02  2.1424E-01  1.1887E-01 -7.8543E-01
  7.0000E+00  4.9482E-02  5.2015E-01  7.3070E-01  9.5130E-02  2.1424E-01  1.1887E-01 -7.8543E-01
  7.0000E+00  4.9482E-02  5.2015E-01  7.3070E-01  9.5130E-02  2.1424E-01  1.1887E-01 -7.8543E-01
  7.0000E+00  4.9482E-02  5.2015E-01  7.3070E-01  9.5130E-02  2.1424E-01  1.1887E-01 -7.8543E-01
  7.0000E+00  4.9482E-02  5.2015E-01  7.3070E-01  9.5130E-02  2.1424E-01  1.1887E-01 -7.8543E-01
  7.0000E+00  4.9482E-02  5.2015E-01  7.3070E-01  9.5130E-02  2.1424E-01  1.1887E-01 -7.8543E-01
  7.0000E+00  4.9482E-02  5.2015E-01  7.3070E-01  9.5130E-02  2.1424E-01  1.1887E-01 -7.8543E-01
  7.0000E+00  4.9482E-02  5.2015E-01  7.3070E-01  9.5130E-02  2.1424E-01  1.1887E-01 -7.8543E-01
  7.0000E+00  4.9482E-02  5.2015E-01  7.3070E-01  9.5130E-02  2.1424E-01  1.1887E-01 -7.8543E-01
  7.0000E+00  4.9482E-02  5.2015E-01  7.3070E-01  9.5130E-02  2.1424E-01  1.1887E-01 -7.8543E-01
  8.0000E+00  4.6496E-02  4.9853E-01  1.3528E+00  9.3265E-02  1.5200E-01  7.6420E-02 -1.6948E-01
  8.0000E+00  4.6496E-02  4.9853E-01  1.3528E+00  9.3265E-02  1.5200E-01  7.6420E-02 -1.6948E-01
  8.0000E+00  4.6496E-02  4.9853E-01  1.3528E+00  9.3265E-02  1.5200E-01  7.6420E-02 -1.6948E-01
  8.0000E+00  4.6496E-02  4.9853E-01  1.3528E+00  9.3265E-02  1.5200E-01  7.6420E-02 -1.6948E-01
  8.0000E+00  4.6496E-02  4.9853E-01  1.3528E+00  9.3265E-02  1.5200E-01  7.6420E-02 -1.6948E-01
  8.0000E+00  4.6496E-02  4.9853E-01  1.3528E+00  9.3265E-02  1.5200E-01  7.6420E-02 -1.6948E-01
  8.0000E+00  4.6496E-02  4.9853E-01  1.3528E+00  9.3265E-02  1.5200E-01  7.6420E-02 -1.6948E-01
  8.0000E+00  4.6496E-02  4.9853E-01  1.3528E+00  9.3265E-02  1.5200E-01  7.6420E-02 -1.6948E-01
  8.0000E+00  4.6496E-02  4.9853E-01  1.3528E+00  9.3265E-02  1.5200E-01  7.6420E-02 -1.6948E-01
  8.0000E+00  4.6496E-02  4.9853E-01  1.3528E+00  9.3265E-02  1.5200E-01  7.6420E-02 -1.6948E-01
  8.0000E+00  4.6496E-02  4.9853E-01  1.3528E+00  9.3265E-02  1.5200E-01  7.6420E-02 -1.6948E-01
  8.0000E+00  4.6496E-02  4.9853E-01  1.3528E+00  9.3265E-02  1.5200E-01  7.6420E-02 -1.6948E-01
  9.0000E+00  3.0136E-02  3.9117E-01  7.2150E+00  7.7042E-02 -2.8164E-01 -1.6612E-01  1.5045E+00
  9.0000E+00  3.0136E-02  3.9117E-01  7.2150E+00  7.7042E-02 -2.8164E-01 -1.6612E-01  1.5045E+00
  9.0000E+00  3.0136E-02  3.9117E-01  7.2150E+00  7.7042E-02 -2.8164E-01 -1.6612E-01  1.5045E+00
  9.0000E+00  3.0136E-02  3.9117E-01  7.2150E+00  7.7042E-02 -2.8164E-01 -1.6612E-01  1.5045E+00
  9.0000E+00  3.0136E-02  3.9117E-01  7.2150E+00  7.7042E-02 -2.8164E-01 -1.6612E-01  1.5045E+00
  9.0000E+00  3.0136E-02  3.9117E-01  7.2150E+00  7.7042E-02 -2.8164E-01 -1.6612E-01  1.5045E+00
  9.0000E+00  3.0136E-02  3.9117E-01  7.2150E+00  7.7042E-02 -2.8164E-01 -1.6612E-01  1.5045E+00
  9.0000E+00  3.0136E-02  3.9117E-01  7.2150E+00  7.7042E-02 -2.8164E-01 -1.6612E-01  1.5045E+00
  9.0000E+00  3.0136E-02  3.9117E-01  7.2150E+00  7.7042E-02 -2.8164E-01 -1.6612E-01  1.5045E+00
  9.0000E+00  3.0136E-02  3.9117E-01  7.2150E+00  7.7042E-02 -2.8164E-01 -1.6612E-01  1.5045E+00
  9.0000E+00  3.0136E-02  3.9117E-01  7.2150E+00  7.7042E-02 -2.8164E-01 -1.6612E-01  1.5045E+00
  9.0000E+00  3.0136E-02  3.9117E-01  7.2150E+00  7.7042E-02 -2.8164E-01 -1.6612E-01  1.5045E+00
  1.0000E+01  3.3653E-02  4.3281E-01  6.9228E-01  7.7754E-02 -1.7127E-01 -6.4951E-02 -8.3944E-01
  1.0000E+01  3.3653E-02  4.3281E-01  6.9228E-01  7.7754E-02 -1.7127E-01 -6.4951E-02 -8.3944E-01
  1.0000E+01  3.3653E-02  4.3281E-01  6.9228E-01  7.7754E-02 -1.7127E-01 -6.4951E-02 -8.3944E-01
  1.0000E+01  3.3653E-02  4.3281E-01  6.9228E-01  7.7754E-02 -1.7127E-01 -6.4951E-02 -8.3944E-01
  1.0000E+01  3.3653E-02  4.3281E-01  6.9228E-01  7.7754E-02 -1.7127E-01 -6.4951E-02 -8.3944E-01
  1.0000E+01  3.3653E-02  4.3281E-01  6.9228E-01  7.7754E-02 -1.7127E-01 -6.4951E-02 -8.3944E-01
  1.0000E+01  3.3653E-02  4.3281E-01  6.9228E-01  7.7754E-02 -1.7127E-01 -6.4951E-02 -8.3944E-01
  1.0000E+01  3.3653E-02  4.3281E-01  6.9228E-01  7.7754E-02 -1.7127E-01 -6.4951E-02 -8.3944E-01
  1.0000E+01  3.3653E-02  4.3281E-01  6.9228E-01  7.7754E-02 -1.7127E-01 -6.4951E-02 -8.3944E-01
  1.0000E+01  3.3653E-02  4.3281E-01  6.9228E-01  7.7754E-02 -1.7127E-01 -6.4951E-02 -8.3944E-01
  1.0000E+01  3.3653E-02  4.3281E-01  6.9228E-01  7.7754E-02 -1.7127E-01 -6.4951E-02 -8.3944E-01
  1.0000E+01  3.3653E-02  4.3281E-01  6.9228E-01  7.7754E-02 -1.7127E-01 -6.4951E-02 -8.3944E-01
  1.1000E+01  5.8865E-02  5.4848E-01  3.2229E+00  1.0732E-01  3.8788E-01  1.7191E-01  6.9860E-01
  1.1000E+01  5.8865E-02  5.4848E-01  3.2229E+00  1.0732E-01  3.8788E-01  1.7191E-01  6.9860E-01
  1.1000E+01  5.8865E-02  5.4848E-01  3.2229E+00  1.0732E-01  3.8788E-01  1.7191E-01  6.9860E-01
  1.1000E+01  5.8865E-02  5.4848E-01  3.2229E+00  1.0732E-01  3.8788E-01  1.7191E-01  6.9860E-01
  1.1000E+01  5.8865E-02  5.4848E-01  3.2229E+00  1.0732E-01  3.8788E-01  1.7191E-01  6.9860E-01
  1.1000E+01  5.8865E-02  5.4848E-01  3.2229E+00  1.0732E-01  3.8788E-01  1.7191E-01  6.9860E-01
  1.1000E+01  5.8865E-02  5.4848E-01  3.2229E+00  1.0732E-01  3.8788E-01  1.7191E-01  6.9860E-01
  1.1000E+01  5.8865E-02  5.4848E-01  3.2229E+00  1.0732E-01  3.8788E-01  1.7191E-01  6.9860E-01
  1.1000E+01  5.8865E-02  5.4848E-01  3.2229E+00  1.0732E-01  3.8788E-01  1.7191E-01  6.9860E-01
  1.1000E+01  5.8865E-02  5.4848E-01  3.2229E+00  1.0732E-01  3.8788E-01  1.7191E-01  6.9860E-01
  1.1000E+01  5.8865E-02  5.4848E-01  3.2229E+00  1.0732E-01  3.8788E-01  1.7191E-01  6.9860E-01
  1.1000E+01  5.8865E-02  5.4848E-01  3.2229E+00  1.0732E-01  3.8788E-01  1.7191E-01  6.9860E-01
  1.2000E+01  3.7118E-02  4.5000E-01  1.0151E+00  8.2484E-02 -7.3273E-02 -2.6007E-02 -4.5670E-01
  1.2000E+01  3.7118E-02  4.5000E-01  1.0151E+00  8.2484E-02 -7.3273E-02 -2.6007E-02 -4.5670E-01
  1.2000E+01  3.7118E-02  4.5000E-01  1.0151E+00  8.2484E-02 -7.3273E-02 -2.6007E-02 -4.5670E-01
  1.2000E+01  3.7118E-02  4.5000E-01  1.0151E+00  8.2484E-02 -7.3273E-02 -2.6007E-02 -4.5670E-01
  1.2000E+01  3.7118E-02  4.5000E-01  1.0151E+00  8.2484E-02 -7.3273E-02 -2.6007E-02 -4.5670E-01
  1.2000E+01  3.7118E-02  4.5000E-01  1.0151E+00  8.2484E-02 -7.3273E-02 -2.6007E-02 -4.5670E-01
  1.2000E+01  3.7118E-02  4.5000E-01  1.0151E+00  8.2484E-02 -7.3273E-02 -2.6007E-02 -4.5670E-01
  1.2000E+01  3.7118E-02  4.5000E-01  1.0151E+00  8.2484E-02 -7.3273E-02 -2.6007E-02 -4.5670E-01
  1.2000E+01  3.7118E-02  4.5000E-01  1.0151E+00  8.2484E-02 -7.3273E-02 -2.6007E-02 -4.5670E-01
  1.2000E+01  3.7118E-02  4.5000E-01  1.0151E+00  8.2484E-02 -7.3273E-02 -2.6007E-02 -4.5670E-01
  1.2000E+01  3.7118E-02  4.5000E-01  1.0151E+00  8.2484E-02 -7.3273E-02 -2.6007E-02 -4.5670E-01
  1.2000E+01  3.7118E-02  4.5000E-01  1.0151E+00  8.2484E-02 -7.3273E-02 -2.6007E-02 -4.5670E-01
