TABLE NO.  1
 ID          TIME        MDV         IPRE        IWRE        CWRES       DV          PRED        RES         WRES
  1.0000E+00  0.0000E+00  1.0000E+00  0.0000E+00  0.0000E+00  0.0000E+00  0.0000E+00  0.0000E+00  0.0000E+00  0.0000E+00
  1.0000E+00  0.0000E+00  0.0000E+00  0.0000E+00  1.0932E+00  1.0932E+00  7.4000E-01  0.0000E+00  7.4000E-01  1.0932E+00
  1.0000E+00  2.5000E-01  0.0000E+00  3.8073E+00 -1.4268E+00 -1.3725E+00  2.8400E+00  2.8406E+00 -5.5787E-04 -1.3511E+00
  1.0000E+00  5.7000E-01  0.0000E+00  6.7833E+00 -3.1358E-01 -1.2399E-01  6.5700E+00  5.0676E+00  1.5024E+00 -7.9082E-02
  1.0000E+00  1.1200E+00  0.0000E+00  9.1451E+00  1.9836E+00  2.4037E+00  1.0500E+01  6.8227E+00  3.6773E+00  2.4887E+00
  1.0000E+00  2.0200E+00  0.0000E+00  9.9700E+00 -4.5315E-01  1.8410E-01  9.6600E+00  7.3646E+00  2.2954E+00  2.9320E-01
  1.0000E+00  3.8200E+00  0.0000E+00  9.2309E+00 -9.5279E-01 -2.1697E-01  8.5800E+00  6.5920E+00  1.9880E+00 -7.9362E-02
  1.0000E+00  5.1000E+00  0.0000E+00  8.5147E+00 -2.2673E-01  5.0877E-01  8.3600E+00  5.9167E+00  2.4433E+00  6.6267E-01
  1.0000E+00  7.0300E+00  0.0000E+00  7.5172E+00 -6.9352E-02  6.4845E-01  7.4700E+00  5.0093E+00  2.4607E+00  8.2249E-01
  1.0000E+00  9.0500E+00  0.0000E+00  6.5962E+00  4.3199E-01  1.1238E+00  6.8900E+00  4.2065E+00  2.6835E+00  1.3203E+00
  1.0000E+00  1.2120E+01  0.0000E+00  5.4077E+00  7.8383E-01  1.4280E+00  5.9400E+00  3.2257E+00  2.7143E+00  1.6544E+00
  1.0000E+00  2.4370E+01  0.0000E+00  2.4476E+00  1.2289E+00  1.6596E+00  3.2800E+00  1.1183E+00  2.1617E+00  1.9237E+00
  2.0000E+00  0.0000E+00  1.0000E+00  0.0000E+00  0.0000E+00  0.0000E+00  0.0000E+00  0.0000E+00  0.0000E+00  0.0000E+00
  2.0000E+00  0.0000E+00  0.0000E+00  0.0000E+00  0.0000E+00  0.0000E+00  0.0000E+00  0.0000E+00  0.0000E+00  0.0000E+00
  2.0000E+00  2.7000E-01  0.0000E+00  4.0535E+00 -3.4412E+00 -3.2406E+00  1.7200E+00  3.3048E+00 -1.5848E+00 -3.3215E+00
  2.0000E+00  5.2000E-01  0.0000E+00  6.1294E+00  2.6199E+00  2.8332E+00  7.9100E+00  5.2511E+00  2.6589E+00  2.6883E+00
  2.0000E+00  1.0000E+00  0.0000E+00  7.8316E+00  7.0211E-01  8.1669E-01  8.3100E+00  7.2082E+00  1.1018E+00  6.2527E-01
  2.0000E+00  1.9200E+00  0.0000E+00  8.1474E+00  2.6784E-01  2.3853E-01  8.3300E+00  8.0654E+00  2.6456E-01  1.4896E-01
  2.0000E+00  3.5000E+00  0.0000E+00  7.2278E+00 -5.5502E-01 -6.3242E-01  6.8500E+00  7.4034E+00 -5.5338E-01 -5.7528E-01
  2.0000E+00  5.0200E+00  0.0000E+00  6.3245E+00 -3.5957E-01 -4.3790E-01  6.0800E+00  6.5206E+00 -4.4061E-01 -3.5155E-01
  2.0000E+00  7.0300E+00  0.0000E+00  5.2955E+00  1.5396E-01  7.9466E-02  5.4000E+00  5.4828E+00 -8.2830E-02  1.6511E-01
  2.0000E+00  9.0000E+00  0.0000E+00  4.4494E+00  1.4825E-01  7.8447E-02  4.5500E+00  4.6241E+00 -7.4115E-02  1.5807E-01
  2.0000E+00  1.2000E+01  0.0000E+00  3.4133E+00 -5.9511E-01 -6.5707E-01  3.0100E+00  3.5675E+00 -5.5747E-01 -5.8717E-01
  2.0000E+00  2.4300E+01  0.0000E+00  1.1512E+00 -3.7109E-01 -4.0362E-01  9.0000E-01  1.2315E+00 -3.3145E-01 -3.6747E-01
  3.0000E+00  0.0000E+00  1.0000E+00  0.0000E+00  0.0000E+00  0.0000E+00  0.0000E+00  0.0000E+00  0.0000E+00  0.0000E+00
  3.0000E+00  0.0000E+00  0.0000E+00  0.0000E+00  0.0000E+00  0.0000E+00  0.0000E+00  0.0000E+00  0.0000E+00  0.0000E+00
  3.0000E+00  2.7000E-01  0.0000E+00  4.3215E+00  1.1574E-01  3.6322E-01  4.4000E+00  3.4025E+00  9.9752E-01  5.0743E-01
  3.0000E+00  5.8000E-01  0.0000E+00  6.8134E+00  1.2727E-01  3.7006E-01  6.9000E+00  5.7681E+00  1.1319E+00  4.5597E-01
  3.0000E+00  1.0200E+00  0.0000E+00  8.1804E+00  2.8690E-02  1.4740E-01  8.2000E+00  7.4706E+00  7.2940E-01  1.1125E-01
  3.0000E+00  2.0200E+00  0.0000E+00  8.3276E+00 -7.7365E-01 -8.2725E-01  7.8000E+00  8.2989E+00 -4.9888E-01 -9.1347E-01
  3.0000E+00  3.6200E+00  0.0000E+00  7.3194E+00  2.6526E-01  1.7020E-01  7.5000E+00  7.5497E+00 -4.9680E-02  1.6431E-01
  3.0000E+00  5.0800E+00  0.0000E+00  6.4322E+00 -3.4149E-01 -4.3594E-01  6.2000E+00  6.6788E+00 -4.7881E-01 -4.1952E-01
  3.0000E+00  7.0700E+00  0.0000E+00  5.3905E+00 -1.3334E-01 -2.2292E-01  5.3000E+00  5.6253E+00 -3.2534E-01 -2.0417E-01
  3.0000E+00  9.0000E+00  0.0000E+00  4.5416E+00  5.2826E-01  4.4436E-01  4.9000E+00  4.7607E+00  1.3926E-01  4.6130E-01
  3.0000E+00  1.2150E+01  0.0000E+00  3.4336E+00  3.9311E-01  3.1926E-01  3.7000E+00  3.6255E+00  7.4463E-02  3.3349E-01
  3.0000E+00  2.4170E+01  0.0000E+00  1.1810E+00 -1.9351E-01 -2.3255E-01  1.0500E+00  1.2822E+00 -2.3217E-01 -2.2539E-01
  4.0000E+00  0.0000E+00  1.0000E+00  0.0000E+00  0.0000E+00  0.0000E+00  0.0000E+00  0.0000E+00  0.0000E+00  0.0000E+00
  4.0000E+00  0.0000E+00  0.0000E+00  0.0000E+00  0.0000E+00  0.0000E+00  0.0000E+00  0.0000E+00  0.0000E+00  0.0000E+00
  4.0000E+00  3.5000E-01  0.0000E+00  3.4589E+00 -2.3148E+00 -2.4578E+00  1.8900E+00  4.0231E+00 -2.1331E+00 -2.2411E+00
  4.0000E+00  6.0000E-01  0.0000E+00  5.0905E+00 -7.2261E-01 -8.8627E-01  4.6000E+00  5.7114E+00 -1.1114E+00 -6.8288E-01
  4.0000E+00  1.0700E+00  0.0000E+00  6.9416E+00  2.4373E+00  2.3155E+00  8.6000E+00  7.3677E+00  1.2323E+00  2.4072E+00
  4.0000E+00  2.1300E+00  0.0000E+00  8.1894E+00  2.7959E-01  3.1642E-01  8.3800E+00  8.0446E+00  3.3542E-01  2.6835E-01
  4.0000E+00  3.5000E+00  0.0000E+00  7.8561E+00 -4.6381E-01 -3.2145E-01  7.5400E+00  7.4034E+00  1.3662E-01 -3.7059E-01
  4.0000E+00  5.0200E+00  0.0000E+00  7.0382E+00 -2.3240E-01 -6.0774E-02  6.8800E+00  6.5206E+00  3.5939E-01 -9.1885E-02
  4.0000E+00  7.0200E+00  0.0000E+00  5.9927E+00 -3.1307E-01 -1.4223E-01  5.7800E+00  5.4876E+00  2.9243E-01 -1.6564E-01
  4.0000E+00  9.0200E+00  0.0000E+00  5.0905E+00  3.5277E-01  5.1411E-01  5.3300E+00  4.6161E+00  7.1388E-01  4.9420E-01
  4.0000E+00  1.1980E+01  0.0000E+00  3.9970E+00  2.8460E-01  4.2933E-01  4.1900E+00  3.5736E+00  6.1635E-01  4.1322E-01
  4.0000E+00  2.4650E+01  0.0000E+00  1.4195E+00 -3.9801E-01 -3.1933E-01  1.1500E+00  1.1947E+00 -4.4740E-02 -3.2332E-01
  5.0000E+00  0.0000E+00  1.0000E+00  0.0000E+00  0.0000E+00  0.0000E+00  0.0000E+00  0.0000E+00  0.0000E+00  0.0000E+00
  5.0000E+00  0.0000E+00  0.0000E+00  0.0000E+00  0.0000E+00  0.0000E+00  0.0000E+00  0.0000E+00  0.0000E+00  0.0000E+00
  5.0000E+00  3.0000E-01  0.0000E+00  4.1687E+00 -3.1684E+00 -3.2480E+00  2.0200E+00  4.7759E+00 -2.7559E+00 -3.1512E+00
  5.0000E+00  5.2000E-01  0.0000E+00  6.1897E+00 -8.2346E-01 -9.3454E-01  5.6300E+00  6.9936E+00 -1.3636E+00 -8.3200E-01
  5.0000E+00  1.0000E+00  0.0000E+00  8.7037E+00  3.9508E+00  3.8119E+00  1.1400E+01  9.6000E+00  1.8000E+00  3.8657E+00
  5.0000E+00  2.0200E+00  0.0000E+00  1.0011E+01 -9.9547E-01 -1.1339E+00  9.3300E+00  1.0735E+01 -1.4054E+00 -1.1424E+00
  5.0000E+00  3.5000E+00  0.0000E+00  9.2813E+00 -7.9233E-01 -9.1922E-01  8.7400E+00  9.8600E+00 -1.1200E+00 -9.4253E-01
  5.0000E+00  5.0200E+00  0.0000E+00  8.1465E+00 -8.6026E-01 -9.8134E-01  7.5600E+00  8.6843E+00 -1.1243E+00 -1.0014E+00
  5.0000E+00  7.0200E+00  0.0000E+00  6.7991E+00  4.2762E-01  3.1293E-01  7.0900E+00  7.3084E+00 -2.1845E-01  2.9440E-01
  5.0000E+00  9.1000E+00  0.0000E+00  5.6278E+00  4.0077E-01  2.9366E-01  5.9000E+00  6.1055E+00 -2.0545E-01  2.7748E-01
  5.0000E+00  1.2000E+01  0.0000E+00  4.3233E+00  6.8915E-02 -2.6434E-02  4.3700E+00  4.7512E+00 -3.8122E-01 -3.9143E-02
  5.0000E+00  2.4350E+01  0.0000E+00  1.4063E+00  2.4179E-01  1.9268E-01  1.5700E+00  1.6330E+00 -6.2997E-02  1.9076E-01
  6.0000E+00  0.0000E+00  1.0000E+00  0.0000E+00  0.0000E+00  0.0000E+00  0.0000E+00  0.0000E+00  0.0000E+00  0.0000E+00
  6.0000E+00  0.0000E+00  0.0000E+00  0.0000E+00  0.0000E+00  0.0000E+00  0.0000E+00  0.0000E+00  0.0000E+00  0.0000E+00
  6.0000E+00  2.7000E-01  0.0000E+00  2.0955E+00 -1.1894E+00 -1.3613E+00  1.2900E+00  3.0044E+00 -1.7144E+00 -1.1557E+00
  6.0000E+00  5.8000E-01  0.0000E+00  3.7395E+00 -9.7280E-01 -1.2486E+00  3.0800E+00  5.0932E+00 -2.0132E+00 -1.0456E+00
  6.0000E+00  1.1500E+00  0.0000E+00  5.4006E+00  1.5307E+00  1.1982E+00  6.4400E+00  6.8386E+00 -3.9861E-01  1.2511E+00
  6.0000E+00  2.0300E+00  0.0000E+00  6.1888E+00  1.9305E-01 -1.1361E-01  6.3200E+00  7.3270E+00 -1.0070E+00 -1.6761E-01
  6.0000E+00  3.5700E+00  0.0000E+00  5.8732E+00 -5.0506E-01 -7.5259E-01  5.5300E+00  6.6931E+00 -1.1631E+00 -7.7779E-01
  6.0000E+00  5.0000E+00  0.0000E+00  5.2040E+00 -3.8884E-01 -6.1275E-01  4.9400E+00  5.9380E+00 -9.9800E-01 -6.0959E-01
  6.0000E+00  7.0000E+00  0.0000E+00  4.3107E+00 -4.2856E-01 -6.3641E-01  4.0200E+00  4.9973E+00 -9.7733E-01 -6.2373E-01
  6.0000E+00  9.2200E+00  0.0000E+00  3.4841E+00 -3.5581E-02 -2.2790E-01  3.4600E+00  4.1245E+00 -6.6452E-01 -2.1410E-01
  6.0000E+00  1.2100E+01  0.0000E+00  2.6419E+00  2.0385E-01  3.3424E-02  2.7800E+00  3.2152E+00 -4.3523E-01  4.8259E-02
  6.0000E+00  2.3850E+01  0.0000E+00  8.5419E-01  9.7224E-02  9.6037E-03  9.2000E-01  1.1639E+00 -2.4393E-01  2.7524E-02
  7.0000E+00  0.0000E+00  1.0000E+00  0.0000E+00  0.0000E+00  0.0000E+00  0.0000E+00  0.0000E+00  0.0000E+00  0.0000E+00
  7.0000E+00  0.0000E+00  0.0000E+00  0.0000E+00  2.2160E-01  2.2160E-01  1.5000E-01  0.0000E+00  1.5000E-01  2.2160E-01
  7.0000E+00  2.5000E-01  0.0000E+00  1.5696E+00 -1.0627E+00 -1.3424E+00  8.5000E-01  3.4977E+00 -2.6477E+00 -7.2831E-01
  7.0000E+00  5.0000E-01  0.0000E+00  2.8402E+00 -7.2351E-01 -1.1909E+00  2.3500E+00  5.7659E+00 -3.4159E+00 -6.5841E-01
  7.0000E+00  1.0200E+00  0.0000E+00  4.7367E+00  4.1750E-01 -2.4007E-01  5.0200E+00  8.1632E+00 -3.1432E+00 -3.9528E-01
  7.0000E+00  2.0200E+00  0.0000E+00  6.5275E+00  7.7132E-02 -5.6698E-01  6.5800E+00  9.0683E+00 -2.4883E+00 -1.2431E+00
  7.0000E+00  3.4800E+00  0.0000E+00  6.9969E+00  1.3681E-01 -2.7861E-01  7.0900E+00  8.3419E+00 -1.2519E+00 -4.9186E-01
  7.0000E+00  5.0000E+00  0.0000E+00  6.5161E+00  2.1158E-01 -2.8381E-02  6.6600E+00  7.3483E+00 -6.8827E-01  1.3291E-01
  7.0000E+00  6.9800E+00  0.0000E+00  5.5655E+00 -4.6449E-01 -6.0188E-01  5.2500E+00  6.1949E+00 -9.4490E-01 -3.0838E-01
  7.0000E+00  9.0000E+00  0.0000E+00  4.6323E+00 -3.5707E-01 -4.6095E-01  4.3900E+00  5.2021E+00 -8.1213E-01 -1.6991E-01
  7.0000E+00  1.2050E+01  0.0000E+00  3.4754E+00  8.0549E-02 -1.0122E-02  3.5300E+00  3.9961E+00 -4.6609E-01  2.3908E-01
  7.0000E+00  2.4220E+01  0.0000E+00  1.0925E+00  8.4961E-02  2.8454E-02  1.1500E+00  1.3950E+00 -2.4500E-01  1.5331E-01
  8.0000E+00  0.0000E+00  1.0000E+00  0.0000E+00  0.0000E+00  0.0000E+00  0.0000E+00  0.0000E+00  0.0000E+00  0.0000E+00
  8.0000E+00  0.0000E+00  0.0000E+00  0.0000E+00  0.0000E+00  0.0000E+00  0.0000E+00  0.0000E+00  0.0000E+00  0.0000E+00
  8.0000E+00  2.5000E-01  0.0000E+00  2.5756E+00  7.0040E-01  5.9438E-01  3.0500E+00  3.2009E+00 -1.5093E-01  6.5935E-01
  8.0000E+00  5.2000E-01  0.0000E+00  4.4678E+00 -2.0901E+00 -2.2592E+00  3.0500E+00  5.4063E+00 -2.3563E+00 -2.1923E+00
  8.0000E+00  9.8000E-01  0.0000E+00  6.3149E+00  1.4638E+00  1.2530E+00  7.3100E+00  7.3696E+00 -5.9641E-02  1.2725E+00
  8.0000E+00  2.0200E+00  0.0000E+00  7.4488E+00  1.6323E-01 -4.2937E-02  7.5600E+00  8.2989E+00 -7.3888E-01 -6.7375E-02
  8.0000E+00  3.5300E+00  0.0000E+00  6.9394E+00 -5.1353E-01 -6.9632E-01  6.5900E+00  7.6040E+00 -1.0140E+00 -7.0300E-01
  8.0000E+00  5.0500E+00  0.0000E+00  6.0831E+00 -2.9888E-01 -4.7115E-01  5.8800E+00  6.6960E+00 -8.1602E-01 -4.6640E-01
  8.0000E+00  7.1500E+00  0.0000E+00  5.0092E+00 -4.1129E-01 -5.7329E-01  4.7300E+00  5.5866E+00 -8.5657E-01 -5.6510E-01
  8.0000E+00  9.0700E+00  0.0000E+00  4.1884E+00  5.6274E-01  4.1098E-01  4.5700E+00  4.7320E+00 -1.6201E-01  4.1941E-01
  8.0000E+00  1.2100E+01  0.0000E+00  3.1573E+00 -2.3218E-01 -3.6609E-01  3.0000E+00  3.6412E+00 -6.4125E-01 -3.5610E-01
  8.0000E+00  2.4120E+01  0.0000E+00  1.0291E+00  3.2632E-01  2.5744E-01  1.2500E+00  1.2877E+00 -3.7727E-02  2.6959E-01
  9.0000E+00  0.0000E+00  1.0000E+00  0.0000E+00  0.0000E+00  0.0000E+00  0.0000E+00  0.0000E+00  0.0000E+00  0.0000E+00
  9.0000E+00  0.0000E+00  0.0000E+00  0.0000E+00  0.0000E+00  0.0000E+00  0.0000E+00  0.0000E+00  0.0000E+00  0.0000E+00
  9.0000E+00  3.0000E-01  0.0000E+00  6.9078E+00  6.7924E-01  2.2003E+00  7.3700E+00  2.5265E+00  4.8435E+00  3.3533E+00
  9.0000E+00  6.3000E-01  0.0000E+00  7.5460E+00  2.1789E+00  2.6747E+00  9.0300E+00  4.1338E+00  4.8962E+00  2.4551E+00
  9.0000E+00  1.0500E+00  0.0000E+00  7.3839E+00 -3.5826E-01 -9.6576E-02  7.1400E+00  5.1604E+00  1.9796E+00 -1.2526E+00
  9.0000E+00  2.0200E+00  0.0000E+00  6.8561E+00 -7.7322E-01 -5.4191E-01  6.3300E+00  5.6791E+00  6.5085E-01 -1.0218E+00
  9.0000E+00  3.5300E+00  0.0000E+00  6.1031E+00 -6.5200E-01 -4.3621E-01  5.6600E+00  5.2037E+00  4.5635E-01 -2.9371E-02
  9.0000E+00  5.0200E+00  0.0000E+00  5.4412E+00  3.3687E-01  5.3797E-01  5.6700E+00  4.5941E+00  1.0759E+00  1.0877E+00
  9.0000E+00  7.1700E+00  0.0000E+00  4.6106E+00 -5.4630E-01 -3.6525E-01  4.2400E+00  3.8164E+00  4.2357E-01  1.6323E-01
  9.0000E+00  8.8000E+00  0.0000E+00  4.0665E+00  6.4117E-02  2.3092E-01  4.1100E+00  3.3147E+00  7.9527E-01  7.2602E-01
  9.0000E+00  1.1600E+01  0.0000E+00  3.2775E+00 -1.7333E-01 -2.9042E-02  3.1600E+00  2.6019E+00  5.5809E-01  4.0843E-01
  9.0000E+00  2.4430E+01  0.0000E+00  1.2197E+00 -1.4730E-01 -7.6802E-02  1.1200E+00  8.5792E-01  2.6208E-01  1.5308E-01
  1.0000E+01  0.0000E+00  1.0000E+00  0.0000E+00  0.0000E+00  0.0000E+00  0.0000E+00  0.0000E+00  0.0000E+00  0.0000E+00
  1.0000E+01  0.0000E+00  0.0000E+00  0.0000E+00  3.5456E-01  3.5456E-01  2.4000E-01  0.0000E+00  2.4000E-01  3.5456E-01
  1.0000E+01  3.7000E-01  0.0000E+00  2.8289E+00  9.0211E-02 -2.6596E-01  2.8900E+00  5.2344E+00 -2.3444E+00  2.5090E-01
  1.0000E+01  7.7000E-01  0.0000E+00  5.0831E+00  2.0168E-01 -3.2790E-01  5.2200E+00  8.1124E+00 -2.8924E+00 -4.5259E-01
  1.0000E+01  1.0200E+00  0.0000E+00  6.1585E+00  3.6996E-01 -1.9393E-01  6.4100E+00  9.0703E+00 -2.6603E+00 -7.3968E-01
  1.0000E+01  2.0500E+00  0.0000E+00  8.7431E+00 -1.3379E+00 -1.7489E+00  7.8300E+00  1.0072E+01 -2.2417E+00 -2.7956E+00
  1.0000E+01  3.5500E+00  0.0000E+00  9.6365E+00  8.3883E-01  8.2909E-01  1.0210E+01  9.2176E+00  9.9235E-01  6.0035E-01
  1.0000E+01  5.0500E+00  0.0000E+00  9.2326E+00 -7.7046E-02  1.8105E-01  9.1800E+00  8.1298E+00  1.0502E+00  5.1000E-01
  1.0000E+01  7.0800E+00  0.0000E+00  8.1487E+00 -1.8880E-01  2.2080E-01  8.0200E+00  6.8240E+00  1.1960E+00  7.6164E-01
  1.0000E+01  9.3800E+00  0.0000E+00  6.8817E+00  3.7967E-01  8.1841E-01  7.1400E+00  5.5933E+00  1.5467E+00  1.3604E+00
  1.0000E+01  1.2100E+01  0.0000E+00  5.5841E+00  1.4120E-01  5.5235E-01  5.6800E+00  4.4209E+00  1.2591E+00  1.0393E+00
  1.0000E+01  2.3700E+01  0.0000E+00  2.2672E+00  2.2556E-01  4.6455E-01  2.4200E+00  1.6213E+00  7.9871E-01  7.3685E-01
  1.1000E+01  0.0000E+00  1.0000E+00  0.0000E+00  0.0000E+00  0.0000E+00  0.0000E+00  0.0000E+00  0.0000E+00  0.0000E+00
  1.1000E+01  0.0000E+00  0.0000E+00  0.0000E+00  0.0000E+00  0.0000E+00  0.0000E+00  0.0000E+00  0.0000E+00  0.0000E+00
  1.1000E+01  2.5000E-01  0.0000E+00  4.8879E+00 -4.1075E-02  4.7642E-01  4.8600E+00  3.4765E+00  1.3835E+00  9.4683E-01
  1.1000E+01  5.0000E-01  0.0000E+00  6.9422E+00  4.3763E-01  7.1783E-01  7.2400E+00  5.7310E+00  1.5090E+00  1.0284E+00
  1.1000E+01  9.8000E-01  0.0000E+00  7.9585E+00  6.0918E-02 -1.9274E-01  8.0000E+00  8.0041E+00 -4.1132E-03 -3.6940E-01
  1.1000E+01  1.9800E+00  0.0000E+00  7.4871E+00 -9.9419E-01 -1.5596E+00  6.8100E+00  9.0168E+00 -2.2068E+00 -1.8303E+00
  1.1000E+01  3.6000E+00  0.0000E+00  6.3053E+00 -6.4036E-01 -1.2173E+00  5.8700E+00  8.2128E+00 -2.3428E+00 -1.1705E+00
  1.1000E+01  5.0200E+00  0.0000E+00  5.4141E+00 -2.8586E-01 -8.4160E-01  5.2200E+00  7.2912E+00 -2.0712E+00 -7.2122E-01
  1.1000E+01  7.0300E+00  0.0000E+00  4.3636E+00  1.2743E-01 -3.8906E-01  4.4500E+00  6.1308E+00 -1.6808E+00 -2.4912E-01
  1.1000E+01  9.0300E+00  0.0000E+00  3.5206E+00  1.4659E-01 -3.2518E-01  3.6200E+00  5.1572E+00 -1.5372E+00 -1.7717E-01
  1.1000E+01  1.2120E+01  0.0000E+00  2.5270E+00  2.4071E-01 -1.5893E-01  2.6900E+00  3.9479E+00 -1.2579E+00 -2.7078E-03
  1.1000E+01  2.4080E+01  0.0000E+00  7.0007E-01  2.3626E-01  6.0133E-02  8.6000E-01  1.4034E+00 -5.4344E-01  2.0487E-01
  1.2000E+01  0.0000E+00  1.0000E+00  0.0000E+00  0.0000E+00  0.0000E+00  0.0000E+00  0.0000E+00  0.0000E+00  0.0000E+00
  1.2000E+01  0.0000E+00  0.0000E+00  0.0000E+00  0.0000E+00  0.0000E+00  0.0000E+00  0.0000E+00  0.0000E+00  0.0000E+00
  1.2000E+01  2.5000E-01  0.0000E+00  2.6116E+00 -2.0101E+00 -2.2162E+00  1.2500E+00  3.7450E+00 -2.4950E+00 -1.7206E+00
  1.2000E+01  5.0000E-01  0.0000E+00  4.5846E+00 -9.2059E-01 -1.2288E+00  3.9600E+00  6.1736E+00 -2.2136E+00 -7.1845E-01
  1.2000E+01  1.0000E+00  0.0000E+00  7.1591E+00  9.7095E-01  6.3603E-01  7.8200E+00  8.6826E+00 -8.6262E-01  7.8421E-01
  1.2000E+01  2.0000E+00  0.0000E+00  9.1865E+00  7.8094E-01  6.2925E-01  9.7200E+00  9.7116E+00  8.3729E-03  3.8200E-01
  1.2000E+01  3.5200E+00  0.0000E+00  9.2292E+00  7.6231E-01  8.4501E-01  9.7500E+00  8.9036E+00  8.4638E-01  7.1009E-01
  1.2000E+01  5.0700E+00  0.0000E+00  8.3636E+00  3.0261E-01  4.7333E-01  8.5700E+00  7.8208E+00  7.4924E-01  4.5102E-01
  1.2000E+01  7.0700E+00  0.0000E+00  7.1451E+00 -8.1561E-01 -6.2507E-01  6.5900E+00  6.5815E+00  8.4785E-03 -6.1409E-01
  1.2000E+01  9.0300E+00  0.0000E+00  6.0855E+00  3.6006E-02  2.1867E-01  6.1100E+00  5.5555E+00  5.5447E-01  2.3265E-01
  1.2000E+01  1.2050E+01  0.0000E+00  4.7447E+00 -2.5740E-01 -9.5389E-02  4.5700E+00  4.2786E+00  2.9136E-01 -8.3954E-02
  1.2000E+01  2.4150E+01  0.0000E+00  1.7489E+00 -8.5492E-01 -7.6759E-01  1.1700E+00  1.5027E+00 -3.3271E-01 -7.6121E-01
