TABLE NO.  4
 ID
  1.0000E+00
  1.0000E+00
  1.0000E+00
  1.0000E+00
  1.0000E+00
  1.0000E+00
  1.0000E+00
  1.0000E+00
  1.0000E+00
  1.0000E+00
  1.0000E+00
  2.0000E+00
  2.0000E+00
  2.0000E+00
  2.0000E+00
  2.0000E+00
  2.0000E+00
  2.0000E+00
  2.0000E+00
  2.0000E+00
  2.0000E+00
  2.0000E+00
  3.0000E+00
  3.0000E+00
  3.0000E+00
  3.0000E+00
  3.0000E+00
  3.0000E+00
  3.0000E+00
  3.0000E+00
  3.0000E+00
  3.0000E+00
  3.0000E+00
  4.0000E+00
  4.0000E+00
  4.0000E+00
  4.0000E+00
  4.0000E+00
  4.0000E+00
  4.0000E+00
  4.0000E+00
  4.0000E+00
  4.0000E+00
  4.0000E+00
  5.0000E+00
  5.0000E+00
  5.0000E+00
  5.0000E+00
  5.0000E+00
  5.0000E+00
  5.0000E+00
  5.0000E+00
  5.0000E+00
  5.0000E+00
  5.0000E+00
  6.0000E+00
  6.0000E+00
  6.0000E+00
  6.0000E+00
  6.0000E+00
  6.0000E+00
  6.0000E+00
  6.0000E+00
  6.0000E+00
  6.0000E+00
  6.0000E+00
  7.0000E+00
  7.0000E+00
  7.0000E+00
  7.0000E+00
  7.0000E+00
  7.0000E+00
  7.0000E+00
  7.0000E+00
  7.0000E+00
  7.0000E+00
  7.0000E+00
  8.0000E+00
  8.0000E+00
  8.0000E+00
  8.0000E+00
  8.0000E+00
  8.0000E+00
  8.0000E+00
  8.0000E+00
  8.0000E+00
  8.0000E+00
  8.0000E+00
  9.0000E+00
  9.0000E+00
  9.0000E+00
  9.0000E+00
  9.0000E+00
  9.0000E+00
  9.0000E+00
  9.0000E+00
  9.0000E+00
  9.0000E+00
  9.0000E+00
  1.0000E+01
  1.0000E+01
  1.0000E+01
  1.0000E+01
  1.0000E+01
  1.0000E+01
  1.0000E+01
  1.0000E+01
  1.0000E+01
  1.0000E+01
  1.0000E+01
  1.1000E+01
  1.1000E+01
  1.1000E+01
  1.1000E+01
  1.1000E+01
  1.1000E+01
  1.1000E+01
  1.1000E+01
  1.1000E+01
  1.1000E+01
  1.1000E+01
  1.2000E+01
  1.2000E+01
  1.2000E+01
  1.2000E+01
  1.2000E+01
  1.2000E+01
  1.2000E+01
  1.2000E+01
  1.2000E+01
  1.2000E+01
  1.2000E+01
