TABLE NO.  2
 ID          CL          V           KA          K           ETA1        ETA2        ETA3
  1.0000E+00  2.1797E-02  3.4790E-01  1.3728E+00  6.2655E-02 -6.1893E-01 -2.9153E-01 -7.1808E-02
  1.0000E+00  2.1797E-02  3.4790E-01  1.3728E+00  6.2655E-02 -6.1893E-01 -2.9153E-01 -7.1808E-02
  1.0000E+00  2.1797E-02  3.4790E-01  1.3728E+00  6.2655E-02 -6.1893E-01 -2.9153E-01 -7.1808E-02
  1.0000E+00  2.1797E-02  3.4790E-01  1.3728E+00  6.2655E-02 -6.1893E-01 -2.9153E-01 -7.1808E-02
  1.0000E+00  2.1797E-02  3.4790E-01  1.3728E+00  6.2655E-02 -6.1893E-01 -2.9153E-01 -7.1808E-02
  1.0000E+00  2.1797E-02  3.4790E-01  1.3728E+00  6.2655E-02 -6.1893E-01 -2.9153E-01 -7.1808E-02
  1.0000E+00  2.1797E-02  3.4790E-01  1.3728E+00  6.2655E-02 -6.1893E-01 -2.9153E-01 -7.1808E-02
  1.0000E+00  2.1797E-02  3.4790E-01  1.3728E+00  6.2655E-02 -6.1893E-01 -2.9153E-01 -7.1808E-02
  1.0000E+00  2.1797E-02  3.4790E-01  1.3728E+00  6.2655E-02 -6.1893E-01 -2.9153E-01 -7.1808E-02
  1.0000E+00  2.1797E-02  3.4790E-01  1.3728E+00  6.2655E-02 -6.1893E-01 -2.9153E-01 -7.1808E-02
  1.0000E+00  2.1797E-02  3.4790E-01  1.3728E+00  6.2655E-02 -6.1893E-01 -2.9153E-01 -7.1808E-02
  1.0000E+00  2.1797E-02  3.4790E-01  1.3728E+00  6.2655E-02 -6.1893E-01 -2.9153E-01 -7.1808E-02
  2.0000E+00  4.4158E-02  4.8197E-01  2.2182E+00  9.1621E-02  8.7063E-02  3.4441E-02  4.0802E-01
  2.0000E+00  4.4158E-02  4.8197E-01  2.2182E+00  9.1621E-02  8.7063E-02  3.4441E-02  4.0802E-01
  2.0000E+00  4.4158E-02  4.8197E-01  2.2182E+00  9.1621E-02  8.7063E-02  3.4441E-02  4.0802E-01
  2.0000E+00  4.4158E-02  4.8197E-01  2.2182E+00  9.1621E-02  8.7063E-02  3.4441E-02  4.0802E-01
  2.0000E+00  4.4158E-02  4.8197E-01  2.2182E+00  9.1621E-02  8.7063E-02  3.4441E-02  4.0802E-01
  2.0000E+00  4.4158E-02  4.8197E-01  2.2182E+00  9.1621E-02  8.7063E-02  3.4441E-02  4.0802E-01
  2.0000E+00  4.4158E-02  4.8197E-01  2.2182E+00  9.1621E-02  8.7063E-02  3.4441E-02  4.0802E-01
  2.0000E+00  4.4158E-02  4.8197E-01  2.2182E+00  9.1621E-02  8.7063E-02  3.4441E-02  4.0802E-01
  2.0000E+00  4.4158E-02  4.8197E-01  2.2182E+00  9.1621E-02  8.7063E-02  3.4441E-02  4.0802E-01
  2.0000E+00  4.4158E-02  4.8197E-01  2.2182E+00  9.1621E-02  8.7063E-02  3.4441E-02  4.0802E-01
  2.0000E+00  4.4158E-02  4.8197E-01  2.2182E+00  9.1621E-02  8.7063E-02  3.4441E-02  4.0802E-01
  2.0000E+00  4.4158E-02  4.8197E-01  2.2182E+00  9.1621E-02  8.7063E-02  3.4441E-02  4.0802E-01
  3.0000E+00  4.2387E-02  4.7296E-01  2.1789E+00  8.9622E-02  4.6131E-02  1.5574E-02  3.9013E-01
  3.0000E+00  4.2387E-02  4.7296E-01  2.1789E+00  8.9622E-02  4.6131E-02  1.5574E-02  3.9013E-01
  3.0000E+00  4.2387E-02  4.7296E-01  2.1789E+00  8.9622E-02  4.6131E-02  1.5574E-02  3.9013E-01
  3.0000E+00  4.2387E-02  4.7296E-01  2.1789E+00  8.9622E-02  4.6131E-02  1.5574E-02  3.9013E-01
  3.0000E+00  4.2387E-02  4.7296E-01  2.1789E+00  8.9622E-02  4.6131E-02  1.5574E-02  3.9013E-01
  3.0000E+00  4.2387E-02  4.7296E-01  2.1789E+00  8.9622E-02  4.6131E-02  1.5574E-02  3.9013E-01
  3.0000E+00  4.2387E-02  4.7296E-01  2.1789E+00  8.9622E-02  4.6131E-02  1.5574E-02  3.9013E-01
  3.0000E+00  4.2387E-02  4.7296E-01  2.1789E+00  8.9622E-02  4.6131E-02  1.5574E-02  3.9013E-01
  3.0000E+00  4.2387E-02  4.7296E-01  2.1789E+00  8.9622E-02  4.6131E-02  1.5574E-02  3.9013E-01
  3.0000E+00  4.2387E-02  4.7296E-01  2.1789E+00  8.9622E-02  4.6131E-02  1.5574E-02  3.9013E-01
  3.0000E+00  4.2387E-02  4.7296E-01  2.1789E+00  8.9622E-02  4.6131E-02  1.5574E-02  3.9013E-01
  3.0000E+00  4.2387E-02  4.7296E-01  2.1789E+00  8.9622E-02  4.6131E-02  1.5574E-02  3.9013E-01
  4.0000E+00  3.8251E-02  4.5512E-01  1.1415E+00  8.4046E-02 -5.6550E-02 -2.2874E-02 -2.5638E-01
  4.0000E+00  3.8251E-02  4.5512E-01  1.1415E+00  8.4046E-02 -5.6550E-02 -2.2874E-02 -2.5638E-01
  4.0000E+00  3.8251E-02  4.5512E-01  1.1415E+00  8.4046E-02 -5.6550E-02 -2.2874E-02 -2.5638E-01
  4.0000E+00  3.8251E-02  4.5512E-01  1.1415E+00  8.4046E-02 -5.6550E-02 -2.2874E-02 -2.5638E-01
  4.0000E+00  3.8251E-02  4.5512E-01  1.1415E+00  8.4046E-02 -5.6550E-02 -2.2874E-02 -2.5638E-01
  4.0000E+00  3.8251E-02  4.5512E-01  1.1415E+00  8.4046E-02 -5.6550E-02 -2.2874E-02 -2.5638E-01
  4.0000E+00  3.8251E-02  4.5512E-01  1.1415E+00  8.4046E-02 -5.6550E-02 -2.2874E-02 -2.5638E-01
  4.0000E+00  3.8251E-02  4.5512E-01  1.1415E+00  8.4046E-02 -5.6550E-02 -2.2874E-02 -2.5638E-01
  4.0000E+00  3.8251E-02  4.5512E-01  1.1415E+00  8.4046E-02 -5.6550E-02 -2.2874E-02 -2.5638E-01
  4.0000E+00  3.8251E-02  4.5512E-01  1.1415E+00  8.4046E-02 -5.6550E-02 -2.2874E-02 -2.5638E-01
  4.0000E+00  3.8251E-02  4.5512E-01  1.1415E+00  8.4046E-02 -5.6550E-02 -2.2874E-02 -2.5638E-01
  4.0000E+00  3.8251E-02  4.5512E-01  1.1415E+00  8.4046E-02 -5.6550E-02 -2.2874E-02 -2.5638E-01
  5.0000E+00  4.3424E-02  4.8264E-01  1.2593E+00  8.9972E-02  7.0281E-02  3.5829E-02 -1.5814E-01
  5.0000E+00  4.3424E-02  4.8264E-01  1.2593E+00  8.9972E-02  7.0281E-02  3.5829E-02 -1.5814E-01
  5.0000E+00  4.3424E-02  4.8264E-01  1.2593E+00  8.9972E-02  7.0281E-02  3.5829E-02 -1.5814E-01
  5.0000E+00  4.3424E-02  4.8264E-01  1.2593E+00  8.9972E-02  7.0281E-02  3.5829E-02 -1.5814E-01
  5.0000E+00  4.3424E-02  4.8264E-01  1.2593E+00  8.9972E-02  7.0281E-02  3.5829E-02 -1.5814E-01
  5.0000E+00  4.3424E-02  4.8264E-01  1.2593E+00  8.9972E-02  7.0281E-02  3.5829E-02 -1.5814E-01
  5.0000E+00  4.3424E-02  4.8264E-01  1.2593E+00  8.9972E-02  7.0281E-02  3.5829E-02 -1.5814E-01
  5.0000E+00  4.3424E-02  4.8264E-01  1.2593E+00  8.9972E-02  7.0281E-02  3.5829E-02 -1.5814E-01
  5.0000E+00  4.3424E-02  4.8264E-01  1.2593E+00  8.9972E-02  7.0281E-02  3.5829E-02 -1.5814E-01
  5.0000E+00  4.3424E-02  4.8264E-01  1.2593E+00  8.9972E-02  7.0281E-02  3.5829E-02 -1.5814E-01
  5.0000E+00  4.3424E-02  4.8264E-01  1.2593E+00  8.9972E-02  7.0281E-02  3.5829E-02 -1.5814E-01
  5.0000E+00  4.3424E-02  4.8264E-01  1.2593E+00  8.9972E-02  7.0281E-02  3.5829E-02 -1.5814E-01
  6.0000E+00  4.9650E-02  5.1622E-01  9.8772E-01  9.6180E-02  2.0428E-01  1.0310E-01 -4.0105E-01
  6.0000E+00  4.9650E-02  5.1622E-01  9.8772E-01  9.6180E-02  2.0428E-01  1.0310E-01 -4.0105E-01
  6.0000E+00  4.9650E-02  5.1622E-01  9.8772E-01  9.6180E-02  2.0428E-01  1.0310E-01 -4.0105E-01
  6.0000E+00  4.9650E-02  5.1622E-01  9.8772E-01  9.6180E-02  2.0428E-01  1.0310E-01 -4.0105E-01
  6.0000E+00  4.9650E-02  5.1622E-01  9.8772E-01  9.6180E-02  2.0428E-01  1.0310E-01 -4.0105E-01
  6.0000E+00  4.9650E-02  5.1622E-01  9.8772E-01  9.6180E-02  2.0428E-01  1.0310E-01 -4.0105E-01
  6.0000E+00  4.9650E-02  5.1622E-01  9.8772E-01  9.6180E-02  2.0428E-01  1.0310E-01 -4.0105E-01
  6.0000E+00  4.9650E-02  5.1622E-01  9.8772E-01  9.6180E-02  2.0428E-01  1.0310E-01 -4.0105E-01
  6.0000E+00  4.9650E-02  5.1622E-01  9.8772E-01  9.6180E-02  2.0428E-01  1.0310E-01 -4.0105E-01
  6.0000E+00  4.9650E-02  5.1622E-01  9.8772E-01  9.6180E-02  2.0428E-01  1.0310E-01 -4.0105E-01
  6.0000E+00  4.9650E-02  5.1622E-01  9.8772E-01  9.6180E-02  2.0428E-01  1.0310E-01 -4.0105E-01
  6.0000E+00  4.9650E-02  5.1622E-01  9.8772E-01  9.6180E-02  2.0428E-01  1.0310E-01 -4.0105E-01
  7.0000E+00  5.0207E-02  5.2287E-01  6.1567E-01  9.6023E-02  2.1543E-01  1.1589E-01 -8.7373E-01
  7.0000E+00  5.0207E-02  5.2287E-01  6.1567E-01  9.6023E-02  2.1543E-01  1.1589E-01 -8.7373E-01
  7.0000E+00  5.0207E-02  5.2287E-01  6.1567E-01  9.6023E-02  2.1543E-01  1.1589E-01 -8.7373E-01
  7.0000E+00  5.0207E-02  5.2287E-01  6.1567E-01  9.6023E-02  2.1543E-01  1.1589E-01 -8.7373E-01
  7.0000E+00  5.0207E-02  5.2287E-01  6.1567E-01  9.6023E-02  2.1543E-01  1.1589E-01 -8.7373E-01
  7.0000E+00  5.0207E-02  5.2287E-01  6.1567E-01  9.6023E-02  2.1543E-01  1.1589E-01 -8.7373E-01
  7.0000E+00  5.0207E-02  5.2287E-01  6.1567E-01  9.6023E-02  2.1543E-01  1.1589E-01 -8.7373E-01
  7.0000E+00  5.0207E-02  5.2287E-01  6.1567E-01  9.6023E-02  2.1543E-01  1.1589E-01 -8.7373E-01
  7.0000E+00  5.0207E-02  5.2287E-01  6.1567E-01  9.6023E-02  2.1543E-01  1.1589E-01 -8.7373E-01
  7.0000E+00  5.0207E-02  5.2287E-01  6.1567E-01  9.6023E-02  2.1543E-01  1.1589E-01 -8.7373E-01
  7.0000E+00  5.0207E-02  5.2287E-01  6.1567E-01  9.6023E-02  2.1543E-01  1.1589E-01 -8.7373E-01
  7.0000E+00  5.0207E-02  5.2287E-01  6.1567E-01  9.6023E-02  2.1543E-01  1.1589E-01 -8.7373E-01
  8.0000E+00  4.5244E-02  4.9145E-01  1.3849E+00  9.2063E-02  1.1136E-01  5.3924E-02 -6.3043E-02
  8.0000E+00  4.5244E-02  4.9145E-01  1.3849E+00  9.2063E-02  1.1136E-01  5.3924E-02 -6.3043E-02
  8.0000E+00  4.5244E-02  4.9145E-01  1.3849E+00  9.2063E-02  1.1136E-01  5.3924E-02 -6.3043E-02
  8.0000E+00  4.5244E-02  4.9145E-01  1.3849E+00  9.2063E-02  1.1136E-01  5.3924E-02 -6.3043E-02
  8.0000E+00  4.5244E-02  4.9145E-01  1.3849E+00  9.2063E-02  1.1136E-01  5.3924E-02 -6.3043E-02
  8.0000E+00  4.5244E-02  4.9145E-01  1.3849E+00  9.2063E-02  1.1136E-01  5.3924E-02 -6.3043E-02
  8.0000E+00  4.5244E-02  4.9145E-01  1.3849E+00  9.2063E-02  1.1136E-01  5.3924E-02 -6.3043E-02
  8.0000E+00  4.5244E-02  4.9145E-01  1.3849E+00  9.2063E-02  1.1136E-01  5.3924E-02 -6.3043E-02
  8.0000E+00  4.5244E-02  4.9145E-01  1.3849E+00  9.2063E-02  1.1136E-01  5.3924E-02 -6.3043E-02
  8.0000E+00  4.5244E-02  4.9145E-01  1.3849E+00  9.2063E-02  1.1136E-01  5.3924E-02 -6.3043E-02
  8.0000E+00  4.5244E-02  4.9145E-01  1.3849E+00  9.2063E-02  1.1136E-01  5.3924E-02 -6.3043E-02
  8.0000E+00  4.5244E-02  4.9145E-01  1.3849E+00  9.2063E-02  1.1136E-01  5.3924E-02 -6.3043E-02
  9.0000E+00  3.1591E-02  4.0455E-01  6.2945E+00  7.8088E-02 -2.4786E-01 -1.4065E-01  1.4510E+00
  9.0000E+00  3.1591E-02  4.0455E-01  6.2945E+00  7.8088E-02 -2.4786E-01 -1.4065E-01  1.4510E+00
  9.0000E+00  3.1591E-02  4.0455E-01  6.2945E+00  7.8088E-02 -2.4786E-01 -1.4065E-01  1.4510E+00
  9.0000E+00  3.1591E-02  4.0455E-01  6.2945E+00  7.8088E-02 -2.4786E-01 -1.4065E-01  1.4510E+00
  9.0000E+00  3.1591E-02  4.0455E-01  6.2945E+00  7.8088E-02 -2.4786E-01 -1.4065E-01  1.4510E+00
  9.0000E+00  3.1591E-02  4.0455E-01  6.2945E+00  7.8088E-02 -2.4786E-01 -1.4065E-01  1.4510E+00
  9.0000E+00  3.1591E-02  4.0455E-01  6.2945E+00  7.8088E-02 -2.4786E-01 -1.4065E-01  1.4510E+00
  9.0000E+00  3.1591E-02  4.0455E-01  6.2945E+00  7.8088E-02 -2.4786E-01 -1.4065E-01  1.4510E+00
  9.0000E+00  3.1591E-02  4.0455E-01  6.2945E+00  7.8088E-02 -2.4786E-01 -1.4065E-01  1.4510E+00
  9.0000E+00  3.1591E-02  4.0455E-01  6.2945E+00  7.8088E-02 -2.4786E-01 -1.4065E-01  1.4510E+00
  9.0000E+00  3.1591E-02  4.0455E-01  6.2945E+00  7.8088E-02 -2.4786E-01 -1.4065E-01  1.4510E+00
  9.0000E+00  3.1591E-02  4.0455E-01  6.2945E+00  7.8088E-02 -2.4786E-01 -1.4065E-01  1.4510E+00
  1.0000E+01  3.4181E-02  4.3504E-01  6.9802E-01  7.8568E-02 -1.6906E-01 -6.7988E-02 -7.4820E-01
  1.0000E+01  3.4181E-02  4.3504E-01  6.9802E-01  7.8568E-02 -1.6906E-01 -6.7988E-02 -7.4820E-01
  1.0000E+01  3.4181E-02  4.3504E-01  6.9802E-01  7.8568E-02 -1.6906E-01 -6.7988E-02 -7.4820E-01
  1.0000E+01  3.4181E-02  4.3504E-01  6.9802E-01  7.8568E-02 -1.6906E-01 -6.7988E-02 -7.4820E-01
  1.0000E+01  3.4181E-02  4.3504E-01  6.9802E-01  7.8568E-02 -1.6906E-01 -6.7988E-02 -7.4820E-01
  1.0000E+01  3.4181E-02  4.3504E-01  6.9802E-01  7.8568E-02 -1.6906E-01 -6.7988E-02 -7.4820E-01
  1.0000E+01  3.4181E-02  4.3504E-01  6.9802E-01  7.8568E-02 -1.6906E-01 -6.7988E-02 -7.4820E-01
  1.0000E+01  3.4181E-02  4.3504E-01  6.9802E-01  7.8568E-02 -1.6906E-01 -6.7988E-02 -7.4820E-01
  1.0000E+01  3.4181E-02  4.3504E-01  6.9802E-01  7.8568E-02 -1.6906E-01 -6.7988E-02 -7.4820E-01
  1.0000E+01  3.4181E-02  4.3504E-01  6.9802E-01  7.8568E-02 -1.6906E-01 -6.7988E-02 -7.4820E-01
  1.0000E+01  3.4181E-02  4.3504E-01  6.9802E-01  7.8568E-02 -1.6906E-01 -6.7988E-02 -7.4820E-01
  1.0000E+01  3.4181E-02  4.3504E-01  6.9802E-01  7.8568E-02 -1.6906E-01 -6.7988E-02 -7.4820E-01
  1.1000E+01  5.6501E-02  5.3952E-01  2.9070E+00  1.0472E-01  3.3353E-01  1.4724E-01  6.7843E-01
  1.1000E+01  5.6501E-02  5.3952E-01  2.9070E+00  1.0472E-01  3.3353E-01  1.4724E-01  6.7843E-01
  1.1000E+01  5.6501E-02  5.3952E-01  2.9070E+00  1.0472E-01  3.3353E-01  1.4724E-01  6.7843E-01
  1.1000E+01  5.6501E-02  5.3952E-01  2.9070E+00  1.0472E-01  3.3353E-01  1.4724E-01  6.7843E-01
  1.1000E+01  5.6501E-02  5.3952E-01  2.9070E+00  1.0472E-01  3.3353E-01  1.4724E-01  6.7843E-01
  1.1000E+01  5.6501E-02  5.3952E-01  2.9070E+00  1.0472E-01  3.3353E-01  1.4724E-01  6.7843E-01
  1.1000E+01  5.6501E-02  5.3952E-01  2.9070E+00  1.0472E-01  3.3353E-01  1.4724E-01  6.7843E-01
  1.1000E+01  5.6501E-02  5.3952E-01  2.9070E+00  1.0472E-01  3.3353E-01  1.4724E-01  6.7843E-01
  1.1000E+01  5.6501E-02  5.3952E-01  2.9070E+00  1.0472E-01  3.3353E-01  1.4724E-01  6.7843E-01
  1.1000E+01  5.6501E-02  5.3952E-01  2.9070E+00  1.0472E-01  3.3353E-01  1.4724E-01  6.7843E-01
  1.1000E+01  5.6501E-02  5.3952E-01  2.9070E+00  1.0472E-01  3.3353E-01  1.4724E-01  6.7843E-01
  1.1000E+01  5.6501E-02  5.3952E-01  2.9070E+00  1.0472E-01  3.3353E-01  1.4724E-01  6.7843E-01
  1.2000E+01  4.1293E-02  4.7354E-01  9.0916E-01  8.7200E-02  1.9966E-02  1.6806E-02 -4.8393E-01
  1.2000E+01  4.1293E-02  4.7354E-01  9.0916E-01  8.7200E-02  1.9966E-02  1.6806E-02 -4.8393E-01
  1.2000E+01  4.1293E-02  4.7354E-01  9.0916E-01  8.7200E-02  1.9966E-02  1.6806E-02 -4.8393E-01
  1.2000E+01  4.1293E-02  4.7354E-01  9.0916E-01  8.7200E-02  1.9966E-02  1.6806E-02 -4.8393E-01
  1.2000E+01  4.1293E-02  4.7354E-01  9.0916E-01  8.7200E-02  1.9966E-02  1.6806E-02 -4.8393E-01
  1.2000E+01  4.1293E-02  4.7354E-01  9.0916E-01  8.7200E-02  1.9966E-02  1.6806E-02 -4.8393E-01
  1.2000E+01  4.1293E-02  4.7354E-01  9.0916E-01  8.7200E-02  1.9966E-02  1.6806E-02 -4.8393E-01
  1.2000E+01  4.1293E-02  4.7354E-01  9.0916E-01  8.7200E-02  1.9966E-02  1.6806E-02 -4.8393E-01
  1.2000E+01  4.1293E-02  4.7354E-01  9.0916E-01  8.7200E-02  1.9966E-02  1.6806E-02 -4.8393E-01
  1.2000E+01  4.1293E-02  4.7354E-01  9.0916E-01  8.7200E-02  1.9966E-02  1.6806E-02 -4.8393E-01
  1.2000E+01  4.1293E-02  4.7354E-01  9.0916E-01  8.7200E-02  1.9966E-02  1.6806E-02 -4.8393E-01
  1.2000E+01  4.1293E-02  4.7354E-01  9.0916E-01  8.7200E-02  1.9966E-02  1.6806E-02 -4.8393E-01
