TABLE NO.  1
 ID          TIME        IPRED       CWRES       G11         G21         G31         H11         H21         DV          PRED        RES         WRES
  1.0000E+00  0.0000E+00  0.0000E+00  3.1769E+00  0.0000E+00  0.0000E+00 -0.0000E+00  0.0000E+00  1.0000E+00  7.4000E-01  0.0000E+00  7.4000E-01  3.1769E+00
  1.0000E+00  2.5000E-01  4.5106E+00 -3.0502E+00  2.9496E+00 -6.6696E-02 -4.5106E+00  4.5106E+00  1.0000E+00  2.8400E+00  4.5106E+00 -1.6706E+00 -1.4135E-01
  1.0000E+00  5.7000E-01  6.7289E+00 -2.0495E-01  2.3364E+00 -2.5723E-01 -6.7289E+00  6.7289E+00  1.0000E+00  6.5700E+00  6.7289E+00 -1.5890E-01  4.5351E-01
  1.0000E+00  1.1200E+00  7.4439E+00  3.5930E+00  6.2744E-01 -6.4965E-01 -7.4439E+00  7.4439E+00  1.0000E+00  1.0500E+01  7.4439E+00  3.0561E+00  1.9982E+00
  1.0000E+00  2.0200E+00  6.9844E+00  3.3355E+00 -1.4750E-01 -1.2453E+00 -6.9844E+00  6.9844E+00  1.0000E+00  9.6600E+00  6.9844E+00  2.6756E+00  3.6129E-01
  1.0000E+00  3.8200E+00  5.7933E+00  4.1105E+00 -1.9795E-01 -2.1255E+00 -5.7933E+00  5.7933E+00  1.0000E+00  8.5800E+00  5.7933E+00  2.7867E+00 -2.1286E-01
  1.0000E+00  5.1000E+00  5.0647E+00  5.4614E+00 -1.7355E-01 -2.5389E+00 -5.0647E+00  5.0647E+00  1.0000E+00  8.3600E+00  5.0647E+00  3.2953E+00  2.5744E-01
  1.0000E+00  7.0300E+00  4.1355E+00  6.5291E+00 -1.4172E-01 -2.9113E+00 -4.1355E+00  4.1355E+00  1.0000E+00  7.4700E+00  4.1355E+00  3.3345E+00  6.6881E-02
  1.0000E+00  9.0500E+00  3.3451E+00  8.1454E+00 -1.1463E-01 -3.0644E+00 -3.3451E+00  3.3451E+00  1.0000E+00  6.8900E+00  3.3451E+00  3.5449E+00  5.2971E-01
  1.0000E+00  1.2120E+01  2.4232E+00  9.9399E+00 -8.3043E-02 -3.0011E+00 -2.4232E+00  2.4232E+00  1.0000E+00  5.9400E+00  2.4232E+00  3.5168E+00  1.0898E+00
  1.0000E+00  2.4370E+01  6.6944E-01  1.0687E+01 -2.2941E-02 -1.6903E+00 -6.6944E-01  6.6944E-01  1.0000E+00  3.2800E+00  6.6944E-01  2.6106E+00  3.8207E+00
  2.0000E+00  0.0000E+00  0.0000E+00  0.0000E+00  0.0000E+00  0.0000E+00 -0.0000E+00  0.0000E+00  1.0000E+00  0.0000E+00  0.0000E+00  0.0000E+00  0.0000E+00
  2.0000E+00  2.7000E-01  4.7336E+00 -5.2871E+00  2.9844E+00 -7.6257E-02 -4.7336E+00  4.7336E+00  1.0000E+00  1.7200E+00  4.7336E+00 -3.0136E+00 -2.9058E+00
  2.0000E+00  5.2000E-01  6.5278E+00  1.8325E+00  2.5202E+00 -2.2368E-01 -6.5278E+00  6.5278E+00  1.0000E+00  7.9100E+00  6.5278E+00  1.3822E+00  2.8284E+00
  2.0000E+00  1.0000E+00  7.4264E+00  1.0411E+00  8.9812E-01 -5.6356E-01 -7.4264E+00  7.4264E+00  1.0000E+00  8.3100E+00  7.4264E+00  8.8365E-01  5.5095E-01
  2.0000E+00  1.9200E+00  7.0529E+00  1.5779E+00 -1.2184E-01 -1.1843E+00 -7.0529E+00  7.0529E+00  1.0000E+00  8.3300E+00  7.0529E+00  1.2771E+00  2.3608E-01
  2.0000E+00  3.5000E+00  5.9912E+00  1.2297E+00 -2.0385E-01 -1.9968E+00 -5.9912E+00  5.9912E+00  1.0000E+00  6.8500E+00  5.9912E+00  8.5881E-01 -3.9229E-01
  2.0000E+00  5.0200E+00  5.1074E+00  1.6004E+00 -1.7501E-01 -2.5174E+00 -5.1074E+00  5.1074E+00  1.0000E+00  6.0800E+00  5.1074E+00  9.7260E-01 -1.7989E-01
  2.0000E+00  7.0300E+00  4.1355E+00  2.4759E+00 -1.4172E-01 -2.9113E+00 -4.1355E+00  4.1355E+00  1.0000E+00  5.4000E+00  4.1355E+00  1.2645E+00  5.3450E-01
  2.0000E+00  9.0000E+00  3.3627E+00  2.7180E+00 -1.1524E-01 -3.0629E+00 -3.3627E+00  3.3627E+00  1.0000E+00  4.5500E+00  3.3627E+00  1.1873E+00  6.7762E-01
  2.0000E+00  1.2000E+01  2.4539E+00  1.5604E+00 -8.4096E-02 -3.0083E+00 -2.4539E+00  2.4539E+00  1.0000E+00  3.0100E+00  2.4539E+00  5.5605E-01 -5.0795E-01
  2.0000E+00  2.4300E+01  6.7438E-01  9.2303E-01 -2.3111E-02 -1.6978E+00 -6.7438E-01  6.7438E-01  1.0000E+00  9.0000E-01  6.7438E-01  2.2562E-01 -2.5788E-01
  3.0000E+00  0.0000E+00  0.0000E+00  0.0000E+00  0.0000E+00  0.0000E+00 -0.0000E+00  0.0000E+00  1.0000E+00  0.0000E+00  0.0000E+00  0.0000E+00  0.0000E+00
  3.0000E+00  2.7000E-01  4.7336E+00 -5.8521E-01  2.9844E+00 -7.6257E-02 -4.7336E+00  4.7336E+00  1.0000E+00  4.4000E+00  4.7336E+00 -3.3356E-01  1.6629E-01
  3.0000E+00  5.8000E-01  6.7647E+00  1.7370E-01  2.2987E+00 -2.6405E-01 -6.7647E+00  6.7647E+00  1.0000E+00  6.9000E+00  6.7647E+00  1.3533E-01  2.0667E-01
  3.0000E+00  1.0200E+00  7.4323E+00  9.0379E-01  8.4876E-01 -5.7796E-01 -7.4323E+00  7.4323E+00  1.0000E+00  8.2000E+00  7.4323E+00  7.6765E-01  3.0288E-01
  3.0000E+00  2.0200E+00  6.9844E+00  1.0168E+00 -1.4750E-01 -1.2453E+00 -6.9844E+00  6.9844E+00  1.0000E+00  7.8000E+00  6.9844E+00  8.1560E-01 -1.4037E-01
  3.0000E+00  3.6200E+00  5.9162E+00  2.2932E+00 -2.0171E-01 -2.0463E+00 -5.9162E+00  5.9162E+00  1.0000E+00  7.5000E+00  5.9162E+00  1.5838E+00  7.3338E-01
  3.0000E+00  5.0800E+00  5.0753E+00  1.8606E+00 -1.7391E-01 -2.5336E+00 -5.0753E+00  5.0753E+00  1.0000E+00  6.2000E+00  5.0753E+00  1.1247E+00 -2.7044E-02
  3.0000E+00  7.0700E+00  4.1182E+00  2.3218E+00 -1.4113E-01 -2.9164E+00 -4.1182E+00  4.1182E+00  1.0000E+00  5.3000E+00  4.1182E+00  1.1818E+00  2.3568E-02
  3.0000E+00  9.0000E+00  3.3627E+00  3.5192E+00 -1.1524E-01 -3.0629E+00 -3.3627E+00  3.3627E+00  1.0000E+00  4.9000E+00  3.3627E+00  1.5373E+00  8.8509E-01
  3.0000E+00  1.2150E+01  2.4156E+00  3.6367E+00 -8.2781E-02 -2.9993E+00 -2.4156E+00  2.4156E+00  1.0000E+00  3.7000E+00  2.4156E+00  1.2844E+00  6.4485E-01
  3.0000E+00  2.4170E+01  6.8365E-01  1.4969E+00 -2.3428E-02 -1.7118E+00 -6.8365E-01  6.8365E-01  1.0000E+00  1.0500E+00  6.8365E-01  3.6635E-01 -7.2213E-01
  4.0000E+00  0.0000E+00  0.0000E+00  0.0000E+00  0.0000E+00  0.0000E+00 -0.0000E+00  0.0000E+00  1.0000E+00  0.0000E+00  0.0000E+00  0.0000E+00  0.0000E+00
  4.0000E+00  3.5000E-01  5.4867E+00 -5.5641E+00  2.9774E+00 -1.1852E-01 -5.4867E+00  5.4867E+00  1.0000E+00  1.8900E+00  5.4867E+00 -3.5967E+00 -1.1664E+00
  4.0000E+00  6.0000E-01  6.8321E+00 -2.8393E+00  2.2229E+00 -2.7776E-01 -6.8321E+00  6.8321E+00  1.0000E+00  4.6000E+00  6.8321E+00 -2.2321E+00 -7.1495E-01
  4.0000E+00  1.0700E+00  7.4417E+00  1.3622E+00  7.3289E-01 -6.1389E-01 -7.4417E+00  7.4417E+00  1.0000E+00  8.6000E+00  7.4417E+00  1.1583E+00  1.0781E+00
  4.0000E+00  2.1300E+00  6.9082E+00  1.8533E+00 -1.6840E-01 -1.3107E+00 -6.9082E+00  6.9082E+00  1.0000E+00  8.3800E+00  6.9082E+00  1.4718E+00  1.8322E-02
  4.0000E+00  3.5000E+00  5.9912E+00  2.2176E+00 -2.0385E-01 -1.9968E+00 -5.9912E+00  5.9912E+00  1.0000E+00  7.5400E+00  5.9912E+00  1.5488E+00 -1.3890E-01
  4.0000E+00  5.0200E+00  5.1074E+00  2.9168E+00 -1.7501E-01 -2.5174E+00 -5.1074E+00  5.1074E+00  1.0000E+00  6.8800E+00  5.1074E+00  1.7726E+00  1.1060E-01
  4.0000E+00  7.0200E+00  4.1399E+00  3.2088E+00 -1.4187E-01 -2.9100E+00 -4.1399E+00  4.1399E+00  1.0000E+00  5.7800E+00  4.1399E+00  1.6401E+00 -1.2498E-01
  4.0000E+00  9.0200E+00  3.3556E+00  4.5265E+00 -1.1500E-01 -3.0635E+00 -3.3556E+00  3.3556E+00  1.0000E+00  5.3300E+00  3.3556E+00  1.9744E+00  7.6353E-01
  4.0000E+00  1.1980E+01  2.4591E+00  4.8514E+00 -8.4273E-02 -3.0094E+00 -2.4591E+00  2.4591E+00  1.0000E+00  4.1900E+00  2.4591E+00  1.7309E+00  6.9515E-01
  4.0000E+00  2.4650E+01  6.5004E-01  2.0521E+00 -2.2277E-02 -1.6604E+00 -6.5004E-01  6.5004E-01  1.0000E+00  1.1500E+00  6.5004E-01  4.9996E-01 -8.2708E-01
  5.0000E+00  0.0000E+00  0.0000E+00  0.0000E+00  0.0000E+00  0.0000E+00 -0.0000E+00  0.0000E+00  1.0000E+00  0.0000E+00  0.0000E+00  0.0000E+00  0.0000E+00
  5.0000E+00  3.0000E-01  5.0406E+00 -5.0265E+00  3.0064E+00 -9.1397E-02 -5.0406E+00  5.0406E+00  1.0000E+00  2.0200E+00  5.0406E+00 -3.0206E+00 -1.4562E+00
  5.0000E+00  5.2000E-01  6.5278E+00 -1.1903E+00  2.5202E+00 -2.2368E-01 -6.5278E+00  6.5278E+00  1.0000E+00  5.6300E+00  6.5278E+00 -8.9781E-01  2.8031E-01
  5.0000E+00  1.0000E+00  7.4264E+00  4.6818E+00  8.9812E-01 -5.6356E-01 -7.4264E+00  7.4264E+00  1.0000E+00  1.1400E+01  7.4264E+00  3.9736E+00  3.4263E+00
  5.0000E+00  2.0200E+00  6.9844E+00  2.9241E+00 -1.4750E-01 -1.2453E+00 -6.9844E+00  6.9844E+00  1.0000E+00  9.3300E+00  6.9844E+00  2.3456E+00 -8.1867E-02
  5.0000E+00  3.5000E+00  5.9912E+00  3.9358E+00 -2.0385E-01 -1.9968E+00 -5.9912E+00  5.9912E+00  1.0000E+00  8.7400E+00  5.9912E+00  2.7488E+00  2.5651E-01
  5.0000E+00  5.0200E+00  5.1074E+00  4.0358E+00 -1.7501E-01 -2.5174E+00 -5.1074E+00  5.1074E+00  1.0000E+00  7.5600E+00  5.1074E+00  2.4526E+00 -1.6477E-01
  5.0000E+00  7.0200E+00  4.1399E+00  5.7718E+00 -1.4187E-01 -2.9100E+00 -4.1399E+00  4.1399E+00  1.0000E+00  7.0900E+00  4.1399E+00  2.9501E+00  9.8245E-01
  5.0000E+00  9.1000E+00  3.3276E+00  5.9331E+00 -1.1403E-01 -3.0658E+00 -3.3276E+00  3.3276E+00  1.0000E+00  5.9000E+00  3.3276E+00  2.5724E+00  6.7948E-01
  5.0000E+00  1.2000E+01  2.4539E+00  5.3768E+00 -8.4096E-02 -3.0083E+00 -2.4539E+00  2.4539E+00  1.0000E+00  4.3700E+00  2.4539E+00  1.9161E+00 -2.1021E-01
  5.0000E+00  2.4350E+01  6.7085E-01  3.6803E+00 -2.2990E-02 -1.6924E+00 -6.7085E-01  6.7085E-01  1.0000E+00  1.5700E+00  6.7085E-01  8.9915E-01  3.5805E-02
  6.0000E+00  0.0000E+00  0.0000E+00  0.0000E+00  0.0000E+00  0.0000E+00 -0.0000E+00  0.0000E+00  1.0000E+00  0.0000E+00  0.0000E+00  0.0000E+00  0.0000E+00
  6.0000E+00  2.7000E-01  4.7336E+00 -6.0415E+00  2.9844E+00 -7.6257E-02 -4.7336E+00  4.7336E+00  1.0000E+00  1.2900E+00  4.7336E+00 -3.4436E+00 -1.0415E+00
  6.0000E+00  5.8000E-01  6.7647E+00 -4.7296E+00  2.2987E+00 -2.6405E-01 -6.7647E+00  6.7647E+00  1.0000E+00  3.0800E+00  6.7647E+00 -3.6847E+00 -1.8367E+00
  6.0000E+00  1.1500E+00  7.4422E+00 -1.1785E+00  5.6894E-01 -6.7102E-01 -7.4422E+00  7.4422E+00  1.0000E+00  6.4400E+00  7.4422E+00 -1.0022E+00 -1.7861E-01
  6.0000E+00  2.0300E+00  6.9775E+00 -8.2042E-01 -1.4969E-01 -1.2513E+00 -6.9775E+00  6.9775E+00  1.0000E+00  6.3200E+00  6.9775E+00 -6.5750E-01 -5.5930E-01
  6.0000E+00  3.5700E+00  5.9473E+00 -6.0145E-01 -2.0262E-01 -2.0259E+00 -5.9473E+00  5.9473E+00  1.0000E+00  5.5300E+00  5.9473E+00 -4.1733E-01 -5.4436E-01
  6.0000E+00  5.0000E+00  5.1181E+00 -2.9261E-01 -1.7538E-01 -2.5120E+00 -5.1181E+00  5.1181E+00  1.0000E+00  4.9400E+00  5.1181E+00 -1.7814E-01 -3.4968E-01
  6.0000E+00  7.0000E+00  4.1486E+00 -2.5113E-01 -1.4217E-01 -2.9074E+00 -4.1486E+00  4.1486E+00  1.0000E+00  4.0200E+00  4.1486E+00 -1.2857E-01 -4.6843E-01
  6.0000E+00  9.2200E+00  3.2859E+00  4.0519E-01 -1.1261E-01 -3.0689E+00 -3.2859E+00  3.2859E+00  1.0000E+00  3.4600E+00  3.2859E+00  1.7412E-01  1.6765E-02
  6.0000E+00  1.2100E+01  2.4283E+00  9.9283E-01 -8.3217E-02 -3.0023E+00 -2.4283E+00  2.4283E+00  1.0000E+00  2.7800E+00  2.4283E+00  3.5169E-01  4.1646E-01
  6.0000E+00  2.3850E+01  7.0701E-01  8.6741E-01 -2.4229E-02 -1.7465E+00 -7.0701E-01  7.0701E-01  1.0000E+00  9.2000E-01  7.0701E-01  2.1299E-01  2.0633E-01
  7.0000E+00  0.0000E+00  0.0000E+00  6.4397E-01  0.0000E+00  0.0000E+00 -0.0000E+00  0.0000E+00  1.0000E+00  1.5000E-01  0.0000E+00  1.5000E-01  6.4397E-01
  7.0000E+00  2.5000E-01  4.5106E+00 -6.6834E+00  2.9496E+00 -6.6696E-02 -4.5106E+00  4.5106E+00  1.0000E+00  8.5000E-01  4.5106E+00 -3.6606E+00 -4.8157E-01
  7.0000E+00  5.0000E-01  6.4361E+00 -5.4870E+00  2.5905E+00 -2.1052E-01 -6.4361E+00  6.4361E+00  1.0000E+00  2.3500E+00  6.4361E+00 -4.0861E+00 -1.6538E+00
  7.0000E+00  1.0200E+00  7.4323E+00 -2.8401E+00  8.4876E-01 -5.7796E-01 -7.4323E+00  7.4323E+00  1.0000E+00  5.0200E+00  7.4323E+00 -2.4123E+00 -1.8445E+00
  7.0000E+00  2.0200E+00  6.9844E+00 -5.0415E-01 -1.4750E-01 -1.2453E+00 -6.9844E+00  6.9844E+00  1.0000E+00  6.5800E+00  6.9844E+00 -4.0440E-01 -1.0254E+00
  7.0000E+00  3.4800E+00  6.0038E+00  1.5524E+00 -2.0420E-01 -1.9884E+00 -6.0038E+00  6.0038E+00  1.0000E+00  7.0900E+00  6.0038E+00  1.0862E+00  5.1266E-01
  7.0000E+00  5.0000E+00  5.1181E+00  2.5326E+00 -1.7538E-01 -2.5120E+00 -5.1181E+00  5.1181E+00  1.0000E+00  6.6600E+00  5.1181E+00  1.5419E+00  1.0796E+00
  7.0000E+00  6.9800E+00  4.1573E+00  2.1307E+00 -1.4247E-01 -2.9048E+00 -4.1573E+00  4.1573E+00  1.0000E+00  5.2500E+00  4.1573E+00  1.0927E+00  1.6997E-01
  7.0000E+00  9.0000E+00  3.3627E+00  2.3517E+00 -1.1524E-01 -3.0629E+00 -3.3627E+00  3.3627E+00  1.0000E+00  4.3900E+00  3.3627E+00  1.0273E+00 -6.6005E-02
  7.0000E+00  1.2050E+01  2.4411E+00  3.0649E+00 -8.3655E-02 -3.0053E+00 -2.4411E+00  2.4411E+00  1.0000E+00  3.5300E+00  2.4411E+00  1.0889E+00  1.4394E-01
  7.0000E+00  2.4220E+01  6.8007E-01  1.9210E+00 -2.3306E-02 -1.7064E+00 -6.8007E-01  6.8007E-01  1.0000E+00  1.1500E+00  6.8007E-01  4.6993E-01 -5.0305E-01
  8.0000E+00  0.0000E+00  0.0000E+00  0.0000E+00  0.0000E+00  0.0000E+00 -0.0000E+00  0.0000E+00  1.0000E+00  0.0000E+00  0.0000E+00  0.0000E+00  0.0000E+00
  8.0000E+00  2.5000E-01  4.5106E+00 -2.6667E+00  2.9496E+00 -6.6696E-02 -4.5106E+00  4.5106E+00  1.0000E+00  3.0500E+00  4.5106E+00 -1.4606E+00  8.3487E-01
  8.0000E+00  5.2000E-01  6.5278E+00 -4.6108E+00  2.5202E+00 -2.2368E-01 -6.5278E+00  6.5278E+00  1.0000E+00  3.0500E+00  6.5278E+00 -3.4778E+00 -2.6240E+00
  8.0000E+00  9.8000E-01  7.4189E+00 -1.2846E-01  9.4924E-01 -5.4914E-01 -7.4189E+00  7.4189E+00  1.0000E+00  7.3100E+00  7.4189E+00 -1.0893E-01  3.0525E-01
  8.0000E+00  2.0200E+00  6.9844E+00  7.1757E-01 -1.4750E-01 -1.2453E+00 -6.9844E+00  6.9844E+00  1.0000E+00  7.5600E+00  6.9844E+00  5.7560E-01  1.1965E-01
  8.0000E+00  3.5300E+00  5.9724E+00  8.8683E-01 -2.0333E-01 -2.0093E+00 -5.9724E+00  5.9724E+00  1.0000E+00  6.5900E+00  5.9724E+00  6.1765E-01 -6.3019E-02
  8.0000E+00  5.0500E+00  5.0913E+00  1.3012E+00 -1.7446E-01 -2.5255E+00 -5.0913E+00  5.0913E+00  1.0000E+00  5.8800E+00  5.0913E+00  7.8866E-01  7.4480E-02
  8.0000E+00  7.1500E+00  4.0837E+00  1.2781E+00 -1.3995E-01 -2.9263E+00 -4.0837E+00  4.0837E+00  1.0000E+00  4.7300E+00  4.0837E+00  6.4626E-01 -3.0617E-01
  8.0000E+00  9.0700E+00  3.3381E+00  2.8350E+00 -1.1439E-01 -3.0650E+00 -3.3381E+00  3.3381E+00  1.0000E+00  4.5700E+00  3.3381E+00  1.2319E+00  9.6628E-01
  8.0000E+00  1.2100E+01  2.4283E+00  1.6139E+00 -8.3217E-02 -3.0023E+00 -2.4283E+00  2.4283E+00  1.0000E+00  3.0000E+00  2.4283E+00  5.7169E-01 -5.7487E-01
  8.0000E+00  2.4120E+01  6.8725E-01  2.2982E+00 -2.3552E-02 -1.7172E+00 -6.8725E-01  6.8725E-01  1.0000E+00  1.2500E+00  6.8725E-01  5.6275E-01  5.4416E-01
  9.0000E+00  0.0000E+00  0.0000E+00  0.0000E+00  0.0000E+00  0.0000E+00 -0.0000E+00  0.0000E+00  1.0000E+00  0.0000E+00  0.0000E+00  0.0000E+00  0.0000E+00
  9.0000E+00  3.0000E-01  5.0406E+00  3.8762E+00  3.0064E+00 -9.1397E-02 -5.0406E+00  5.0406E+00  1.0000E+00  7.3700E+00  5.0406E+00  2.3294E+00  8.6224E-01
  9.0000E+00  6.3000E-01  6.9238E+00  2.6467E+00  2.1086E+00 -2.9852E-01 -6.9238E+00  6.9238E+00  1.0000E+00  9.0300E+00  6.9238E+00  2.1062E+00  1.2601E+00
  9.0000E+00  1.0500E+00  7.4389E+00 -3.5157E-01  7.7796E-01 -5.9954E-01 -7.4389E+00  7.4389E+00  1.0000E+00  7.1400E+00  7.4389E+00 -2.9885E-01 -6.9819E-01
  9.0000E+00  2.0200E+00  6.9844E+00 -8.1581E-01 -1.4750E-01 -1.2453E+00 -6.9844E+00  6.9844E+00  1.0000E+00  6.3300E+00  6.9844E+00 -6.5440E-01 -6.0439E-01
  9.0000E+00  3.5300E+00  5.9724E+00 -4.4848E-01 -2.0333E-01 -2.0093E+00 -5.9724E+00  5.9724E+00  1.0000E+00  5.6600E+00  5.9724E+00 -3.1235E-01 -3.6737E-01
  9.0000E+00  5.0200E+00  5.1074E+00  9.2576E-01 -1.7501E-01 -2.5174E+00 -5.1074E+00  5.1074E+00  1.0000E+00  5.6700E+00  5.1074E+00  5.6260E-01  7.9106E-01
  9.0000E+00  7.1700E+00  4.0752E+00  3.2652E-01 -1.3965E-01 -2.9287E+00 -4.0752E+00  4.0752E+00  1.0000E+00  4.2400E+00  4.0752E+00  1.6483E-01 -1.3866E-01
  9.0000E+00  8.8000E+00  3.4341E+00  1.5241E+00 -1.1768E-01 -3.0558E+00 -3.4341E+00  3.4341E+00  1.0000E+00  4.1100E+00  3.4341E+00  6.7595E-01  8.1071E-01
  9.0000E+00  1.1600E+01  2.5592E+00  1.6451E+00 -8.7703E-02 -3.0298E+00 -2.5592E+00  2.5592E+00  1.0000E+00  3.1600E+00  2.5592E+00  6.0078E-01  5.5438E-01
  9.0000E+00  2.4430E+01  6.6523E-01  1.8628E+00 -2.2797E-02 -1.6838E+00 -6.6523E-01  6.6523E-01  1.0000E+00  1.1200E+00  6.6523E-01  4.5477E-01  6.0457E-01
  1.0000E+01  0.0000E+00  0.0000E+00  1.0304E+00  0.0000E+00  0.0000E+00 -0.0000E+00  0.0000E+00  1.0000E+00  2.4000E-01  0.0000E+00  2.4000E-01  1.0304E+00
  1.0000E+01  3.7000E-01  5.6445E+00 -4.1570E+00  2.9474E+00 -1.2995E-01 -5.6445E+00  5.6445E+00  1.0000E+00  2.8900E+00  5.6445E+00 -2.7545E+00  5.1876E-01
  1.0000E+01  7.7000E-01  7.2266E+00 -2.4244E+00  1.5921E+00 -3.9765E-01 -7.2266E+00  7.2266E+00  1.0000E+00  5.2200E+00  7.2266E+00 -2.0066E+00 -1.3789E+00
  1.0000E+01  1.0200E+00  7.4323E+00 -1.2036E+00  8.4876E-01 -5.7796E-01 -7.4323E+00  7.4323E+00  1.0000E+00  6.4100E+00  7.4323E+00 -1.0223E+00 -1.5210E+00
  1.0000E+01  2.0500E+00  6.9637E+00  1.0829E+00 -1.5388E-01 -1.2633E+00 -6.9637E+00  6.9637E+00  1.0000E+00  7.8300E+00  6.9637E+00  8.6631E-01 -1.5251E+00
  1.0000E+01  3.5500E+00  5.9598E+00  6.1139E+00 -2.0298E-01 -2.0176E+00 -5.9598E+00  5.9598E+00  1.0000E+00  1.0210E+01  5.9598E+00  4.2502E+00  2.2207E+00
  1.0000E+01  5.0500E+00  5.0913E+00  6.7460E+00 -1.7446E-01 -2.5255E+00 -5.0913E+00  5.0913E+00  1.0000E+00  9.1800E+00  5.0913E+00  4.0887E+00  1.7168E+00
  1.0000E+01  7.0800E+00  4.1139E+00  7.6803E+00 -1.4098E-01 -2.9177E+00 -4.1139E+00  4.1139E+00  1.0000E+00  8.0200E+00  4.1139E+00  3.9061E+00  1.2097E+00
  1.0000E+01  9.3800E+00  3.2311E+00  9.2043E+00 -1.1073E-01 -3.0720E+00 -3.2311E+00  3.2311E+00  1.0000E+00  7.1400E+00  3.2311E+00  3.9089E+00  1.3404E+00
  1.0000E+01  1.2100E+01  2.4283E+00  9.1797E+00 -8.3217E-02 -3.0023E+00 -2.4283E+00  2.4283E+00  1.0000E+00  5.6800E+00  2.4283E+00  3.2517E+00  1.7317E-01
  1.0000E+01  2.3700E+01  7.1824E-01  6.9194E+00 -2.4614E-02 -1.7629E+00 -7.1824E-01  7.1824E-01  1.0000E+00  2.4200E+00  7.1824E-01  1.7018E+00 -3.9671E-01
  1.1000E+01  0.0000E+00  0.0000E+00  0.0000E+00  0.0000E+00  0.0000E+00 -0.0000E+00  0.0000E+00  1.0000E+00  0.0000E+00  0.0000E+00  0.0000E+00  0.0000E+00
  1.1000E+01  2.5000E-01  4.5106E+00  6.3790E-01  2.9496E+00 -6.6696E-02 -4.5106E+00  4.5106E+00  1.0000E+00  4.8600E+00  4.5106E+00  3.4939E-01 -1.6077E-01
  1.1000E+01  5.0000E-01  6.4361E+00  1.0795E+00  2.5905E+00 -2.1052E-01 -6.4361E+00  6.4361E+00  1.0000E+00  7.2400E+00  6.4361E+00  8.0392E-01  5.6621E-01
  1.1000E+01  9.8000E-01  7.4189E+00  6.8526E-01  9.4924E-01 -5.4914E-01 -7.4189E+00  7.4189E+00  1.0000E+00  8.0000E+00  7.4189E+00  5.8107E-01  4.6962E-01
  1.1000E+01  1.9800E+00  7.0119E+00 -2.5082E-01 -1.3810E-01 -1.2211E+00 -7.0119E+00  7.0119E+00  1.0000E+00  6.8100E+00  7.0119E+00 -2.0192E-01 -3.4496E-01
  1.1000E+01  3.6000E+00  5.9286E+00 -8.4739E-02 -2.0208E-01 -2.0382E+00 -5.9286E+00  5.9286E+00  1.0000E+00  5.8700E+00  5.9286E+00 -5.8634E-02 -2.4142E-01
  1.1000E+01  5.0200E+00  5.1074E+00  1.8528E-01 -1.7501E-01 -2.5174E+00 -5.1074E+00  5.1074E+00  1.0000E+00  5.2200E+00  5.1074E+00  1.1260E-01 -4.3561E-02
  1.1000E+01  7.0300E+00  4.1355E+00  6.1577E-01 -1.4172E-01 -2.9113E+00 -4.1355E+00  4.1355E+00  1.0000E+00  4.4500E+00  4.1355E+00  3.1447E-01  2.8416E-01
  1.1000E+01  9.0300E+00  3.3521E+00  6.1465E-01 -1.1488E-01 -3.0638E+00 -3.3521E+00  3.3521E+00  1.0000E+00  3.6200E+00  3.3521E+00  2.6790E-01  1.8732E-01
  1.1000E+01  1.2120E+01  2.4232E+00  7.5404E-01 -8.3043E-02 -3.0011E+00 -2.4232E+00  2.4232E+00  1.0000E+00  2.6900E+00  2.4232E+00  2.6678E-01  2.1042E-01
  1.1000E+01  2.4080E+01  6.9014E-01  6.9341E-01 -2.3651E-02 -1.7215E+00 -6.9014E-01  6.9014E-01  1.0000E+00  8.6000E-01  6.9014E-01  1.6986E-01  2.0456E-01
  1.2000E+01  0.0000E+00  0.0000E+00  0.0000E+00  0.0000E+00  0.0000E+00 -0.0000E+00  0.0000E+00  1.0000E+00  0.0000E+00  0.0000E+00  0.0000E+00  0.0000E+00
  1.2000E+01  2.5000E-01  4.5106E+00 -5.9531E+00  2.9496E+00 -6.6696E-02 -4.5106E+00  4.5106E+00  1.0000E+00  1.2500E+00  4.5106E+00 -3.2606E+00 -2.5261E-01
  1.2000E+01  5.0000E-01  6.4361E+00 -3.3250E+00  2.5905E+00 -2.1052E-01 -6.4361E+00  6.4361E+00  1.0000E+00  3.9600E+00  6.4361E+00 -2.4761E+00 -6.1357E-01
  1.2000E+01  1.0000E+00  7.4264E+00  4.6380E-01  8.9812E-01 -5.6356E-01 -7.4264E+00  7.4264E+00  1.0000E+00  7.8200E+00  7.4264E+00  3.9365E-01 -3.4568E-01
  1.2000E+01  2.0000E+00  6.9982E+00  3.3871E+00 -1.4293E-01 -1.2332E+00 -6.9982E+00  6.9982E+00  1.0000E+00  9.7200E+00  6.9982E+00  2.7218E+00  4.8708E-01
  1.2000E+01  3.5200E+00  5.9786E+00  5.4100E+00 -2.0351E-01 -2.0051E+00 -5.9786E+00  5.9786E+00  1.0000E+00  9.7500E+00  5.9786E+00  3.7714E+00  1.7047E+00
  1.2000E+01  5.0700E+00  5.0807E+00  5.7675E+00 -1.7410E-01 -2.5309E+00 -5.0807E+00  5.0807E+00  1.0000E+00  8.5700E+00  5.0807E+00  3.4893E+00  1.4529E+00
  1.2000E+01  7.0700E+00  4.1182E+00  4.8561E+00 -1.4113E-01 -2.9164E+00 -4.1182E+00  4.1182E+00  1.0000E+00  6.5900E+00  4.1182E+00  2.4718E+00 -1.3479E-01
  1.2000E+01  9.0300E+00  3.3521E+00  6.3275E+00 -1.1488E-01 -3.0638E+00 -3.3521E+00  3.3521E+00  1.0000E+00  6.1100E+00  3.3521E+00  2.7579E+00  8.2544E-01
  1.2000E+01  1.2050E+01  2.4411E+00  5.9921E+00 -8.3655E-02 -3.0053E+00 -2.4411E+00  2.4411E+00  1.0000E+00  4.5700E+00  2.4411E+00  2.1289E+00  6.6143E-02
  1.2000E+01  2.4150E+01  6.8508E-01  1.9809E+00 -2.3478E-02 -1.7139E+00 -6.8508E-01  6.8508E-01  1.0000E+00  1.1700E+00  6.8508E-01  4.8492E-01 -2.0001E+00
