TABLE NO.  1
 ID          TIME        IPRED       CWRES       DV          PRED        RES         WRES
  1.0000E+00  0.0000E+00  0.0000E+00  3.1766E+00  7.4000E-01  0.0000E+00  7.4000E-01  3.1766E+00
  1.0000E+00  2.5000E-01  3.5892E+00 -3.0499E+00  2.8400E+00  4.5105E+00 -1.6705E+00 -1.4099E-01
  1.0000E+00  5.7000E-01  6.3883E+00 -2.0468E-01  6.5700E+00  6.7287E+00 -1.5869E-01  4.5377E-01
  1.0000E+00  1.1200E+00  8.6197E+00  3.5934E+00  1.0500E+01  7.4435E+00  3.0565E+00  1.9984E+00
  1.0000E+00  2.0200E+00  9.4604E+00  3.3360E+00  9.6600E+00  6.9841E+00  2.6759E+00  3.6148E-01
  1.0000E+00  3.8200E+00  8.9598E+00  4.1110E+00  8.5800E+00  5.7930E+00  2.7870E+00 -2.1274E-01
  1.0000E+00  5.1000E+00  8.4160E+00  5.4620E+00  8.3600E+00  5.0644E+00  3.2956E+00  2.5751E-01
  1.0000E+00  7.0300E+00  7.6395E+00  6.5297E+00  7.4700E+00  4.1353E+00  3.3347E+00  6.6908E-02
  1.0000E+00  9.0500E+00  6.9017E+00  8.1460E+00  6.8900E+00  3.3448E+00  3.5452E+00  5.2972E-01
  1.0000E+00  1.2120E+01  5.9145E+00  9.9403E+00  5.9400E+00  2.4230E+00  3.5170E+00  1.0898E+00
  1.0000E+00  2.4370E+01  3.1946E+00  1.0686E+01  3.2800E+00  6.6936E-01  2.6106E+00  3.8205E+00
  2.0000E+00  0.0000E+00  0.0000E+00  0.0000E+00  0.0000E+00  0.0000E+00  0.0000E+00  0.0000E+00
  2.0000E+00  2.7000E-01  3.6324E+00 -5.2868E+00  1.7200E+00  4.7335E+00 -3.0135E+00 -2.9055E+00
  2.0000E+00  5.2000E-01  5.6735E+00  1.8327E+00  7.9100E+00  6.5276E+00  1.3824E+00  2.8286E+00
  2.0000E+00  1.0000E+00  7.5812E+00  1.0415E+00  8.3100E+00  7.4261E+00  8.8394E-01  5.5107E-01
  2.0000E+00  1.9200E+00  8.1995E+00  1.5783E+00  8.3300E+00  7.0526E+00  1.2774E+00  2.3621E-01
  2.0000E+00  3.5000E+00  7.3008E+00  1.2301E+00  6.8500E+00  5.9909E+00  8.5912E-01 -3.9219E-01
  2.0000E+00  5.0200E+00  6.3050E+00  1.6009E+00  6.0800E+00  5.1071E+00  9.7289E-01 -1.7982E-01
  2.0000E+00  7.0300E+00  5.1759E+00  2.4765E+00  5.4000E+00  4.1353E+00  1.2647E+00  5.3455E-01
  2.0000E+00  9.0000E+00  4.2648E+00  2.7185E+00  4.5500E+00  3.3624E+00  1.1876E+00  6.7765E-01
  2.0000E+00  1.2000E+01  3.1756E+00  1.5609E+00  3.0100E+00  2.4538E+00  5.5624E-01 -5.0795E-01
  2.0000E+00  2.4300E+01  9.4792E-01  9.2326E-01  9.0000E-01  6.7430E-01  2.2570E-01 -2.5788E-01
  3.0000E+00  0.0000E+00  0.0000E+00  0.0000E+00  0.0000E+00  0.0000E+00  0.0000E+00  0.0000E+00
  3.0000E+00  2.7000E-01  4.3673E+00 -5.8502E-01  4.4000E+00  4.7335E+00 -3.3346E-01  1.6646E-01
  3.0000E+00  5.8000E-01  6.8142E+00  1.7397E-01  6.9000E+00  6.7645E+00  1.3554E-01  2.0686E-01
  3.0000E+00  1.0200E+00  8.1042E+00  9.0415E-01  8.2000E+00  7.4321E+00  7.6795E-01  3.0306E-01
  3.0000E+00  2.0200E+00  8.1943E+00  1.0172E+00  7.8000E+00  6.9841E+00  8.1593E-01 -1.4021E-01
  3.0000E+00  3.6200E+00  7.2267E+00  2.2937E+00  7.5000E+00  5.9159E+00  1.5841E+00  7.3352E-01
  3.0000E+00  5.0800E+00  6.3840E+00  1.8611E+00  6.2000E+00  5.0750E+00  1.1250E+00 -2.6960E-02
  3.0000E+00  7.0700E+00  5.3893E+00  2.3223E+00  5.3000E+00  4.1179E+00  1.1821E+00  2.3607E-02
  3.0000E+00  9.0000E+00  4.5729E+00  3.5197E+00  4.9000E+00  3.3624E+00  1.5376E+00  8.8510E-01
  3.0000E+00  1.2150E+01  3.4974E+00  3.6372E+00  3.7000E+00  2.4154E+00  1.2846E+00  6.4480E-01
  3.0000E+00  2.4170E+01  1.2572E+00  1.4970E+00  1.0500E+00  6.8357E-01  3.6643E-01 -7.2208E-01
  4.0000E+00  0.0000E+00  0.0000E+00  0.0000E+00  0.0000E+00  0.0000E+00  0.0000E+00  0.0000E+00
  4.0000E+00  3.5000E-01  3.2443E+00 -5.5639E+00  1.8900E+00  5.4866E+00 -3.5966E+00 -1.1661E+00
  4.0000E+00  6.0000E-01  4.8293E+00 -2.8391E+00  4.6000E+00  6.8319E+00 -2.2319E+00 -7.1483E-01
  4.0000E+00  1.0700E+00  6.7044E+00  1.3626E+00  8.6000E+00  7.4414E+00  1.1586E+00  1.0782E+00
  4.0000E+00  2.1300E+00  8.1177E+00  1.8537E+00  8.3800E+00  6.9079E+00  1.4721E+00  1.8400E-02
  4.0000E+00  3.5000E+00  7.8903E+00  2.2181E+00  7.5400E+00  5.9909E+00  1.5491E+00 -1.3885E-01
  4.0000E+00  5.0200E+00  7.0801E+00  2.9174E+00  6.8800E+00  5.1071E+00  1.7729E+00  1.1063E-01
  4.0000E+00  7.0200E+00  6.0013E+00  3.2094E+00  5.7800E+00  4.1396E+00  1.6404E+00 -1.2500E-01
  4.0000E+00  9.0200E+00  5.0664E+00  4.5270E+00  5.3300E+00  3.3554E+00  1.9746E+00  7.6350E-01
  4.0000E+00  1.1980E+01  3.9402E+00  4.8519E+00  4.1900E+00  2.4589E+00  1.7311E+00  6.9509E-01
  4.0000E+00  2.4650E+01  1.3428E+00  2.0522E+00  1.1500E+00  6.4997E-01  5.0003E-01 -8.2699E-01
  5.0000E+00  0.0000E+00  0.0000E+00  0.0000E+00  0.0000E+00  0.0000E+00  0.0000E+00  0.0000E+00
  5.0000E+00  3.0000E-01  3.8110E+00 -5.0262E+00  2.0200E+00  5.0405E+00 -3.0205E+00 -1.4558E+00
  5.0000E+00  5.2000E-01  5.6899E+00 -1.1900E+00  5.6300E+00  6.5276E+00 -8.9761E-01  2.8056E-01
  5.0000E+00  1.0000E+00  8.0867E+00  4.6822E+00  1.1400E+01  7.4261E+00  3.9739E+00  3.4264E+00
  5.0000E+00  2.0200E+00  9.4643E+00  2.9246E+00  9.3300E+00  6.9841E+00  2.3459E+00 -8.1726E-02
  5.0000E+00  3.5000E+00  8.9288E+00  3.9363E+00  8.7400E+00  5.9909E+00  2.7491E+00  2.5663E-01
  5.0000E+00  5.0200E+00  7.9501E+00  4.0363E+00  7.5600E+00  5.1071E+00  2.4529E+00 -1.6470E-01
  5.0000E+00  7.0200E+00  6.7532E+00  5.7724E+00  7.0900E+00  4.1396E+00  2.9504E+00  9.8250E-01
  5.0000E+00  9.1000E+00  5.6920E+00  5.9336E+00  5.9000E+00  3.3273E+00  2.5727E+00  6.7949E-01
  5.0000E+00  1.2000E+01  4.4843E+00  5.3773E+00  4.3700E+00  2.4538E+00  1.9162E+00 -2.1023E-01
  5.0000E+00  2.4350E+01  1.6242E+00  3.6802E+00  1.5700E+00  6.7077E-01  8.9923E-01  3.5818E-02
  6.0000E+00  0.0000E+00  0.0000E+00  0.0000E+00  0.0000E+00  0.0000E+00  0.0000E+00  0.0000E+00
  6.0000E+00  2.7000E-01  2.0774E+00 -6.0412E+00  1.2900E+00  4.7335E+00 -3.4435E+00 -1.0414E+00
  6.0000E+00  5.8000E-01  3.7172E+00 -4.7293E+00  3.0800E+00  6.7645E+00 -3.6845E+00 -1.8367E+00
  6.0000E+00  1.1500E+00  5.3904E+00 -1.1781E+00  6.4400E+00  7.4419E+00 -1.0019E+00 -1.7864E-01
  6.0000E+00  2.0300E+00  6.2039E+00 -8.2002E-01  6.3200E+00  6.9772E+00 -6.5717E-01 -5.5930E-01
  6.0000E+00  3.5700E+00  5.9083E+00 -6.0102E-01  5.5300E+00  5.9470E+00 -4.1702E-01 -5.4435E-01
  6.0000E+00  5.0000E+00  5.2401E+00 -2.9214E-01  4.9400E+00  5.1179E+00 -1.7785E-01 -3.4968E-01
  6.0000E+00  7.0000E+00  4.3412E+00 -2.5063E-01  4.0200E+00  4.1483E+00 -1.2832E-01 -4.6843E-01
  6.0000E+00  9.2200E+00  3.5080E+00  4.0571E-01  3.4600E+00  3.2857E+00  1.7434E-01  1.6760E-02
  6.0000E+00  1.2100E+01  2.6591E+00  9.9335E-01  2.7800E+00  2.4281E+00  3.5188E-01  4.1645E-01
  6.0000E+00  2.3850E+01  8.5841E-01  8.6765E-01  9.2000E-01  7.0693E-01  2.1307E-01  2.0634E-01
  7.0000E+00  0.0000E+00  0.0000E+00  6.4390E-01  1.5000E-01  0.0000E+00  1.5000E-01  6.4390E-01
  7.0000E+00  2.5000E-01  1.5726E+00 -6.6832E+00  8.5000E-01  4.5105E+00 -3.6605E+00 -4.8146E-01
  7.0000E+00  5.0000E-01  2.8384E+00 -5.4867E+00  2.3500E+00  6.4359E+00 -4.0859E+00 -1.6537E+00
  7.0000E+00  1.0200E+00  4.7117E+00 -2.8398E+00  5.0200E+00  7.4321E+00 -2.4121E+00 -1.8445E+00
  7.0000E+00  2.0200E+00  6.4501E+00 -5.0375E-01  6.5800E+00  6.9841E+00 -4.0407E-01 -1.0253E+00
  7.0000E+00  3.4800E+00  6.8802E+00  1.5528E+00  7.0900E+00  6.0035E+00  1.0865E+00  5.1270E-01
  7.0000E+00  5.0000E+00  6.4038E+00  2.5331E+00  6.6600E+00  5.1179E+00  1.5421E+00  1.0796E+00
  7.0000E+00  6.9800E+00  5.4883E+00  2.1312E+00  5.2500E+00  4.1570E+00  1.0930E+00  1.6993E-01
  7.0000E+00  9.0000E+00  4.5950E+00  2.3522E+00  4.3900E+00  3.3624E+00  1.0276E+00 -6.6063E-02
  7.0000E+00  1.2050E+01  3.4838E+00  3.0654E+00  3.5300E+00  2.4409E+00  1.0891E+00  1.4387E-01
  7.0000E+00  2.4220E+01  1.1447E+00  1.9212E+00  1.1500E+00  6.7999E-01  4.7001E-01 -5.0300E-01
  8.0000E+00  0.0000E+00  0.0000E+00  0.0000E+00  0.0000E+00  0.0000E+00  0.0000E+00  0.0000E+00
  8.0000E+00  2.5000E-01  2.6763E+00 -2.6665E+00  3.0500E+00  4.5105E+00 -1.4605E+00  8.3499E-01
  8.0000E+00  5.2000E-01  4.5762E+00 -4.6106E+00  3.0500E+00  6.5276E+00 -3.4776E+00 -2.6240E+00
  8.0000E+00  9.8000E-01  6.3436E+00 -1.2812E-01  7.3100E+00  7.4186E+00 -1.0864E-01  3.0532E-01
  8.0000E+00  2.0200E+00  7.3030E+00  7.1800E-01  7.5600E+00  6.9841E+00  5.7593E-01  1.1973E-01
  8.0000E+00  3.5300E+00  6.7617E+00  8.8729E-01  6.5900E+00  5.9720E+00  6.1796E-01 -6.2954E-02
  8.0000E+00  5.0500E+00  5.9674E+00  1.3017E+00  5.8800E+00  5.0910E+00  7.8895E-01  7.4522E-02
  8.0000E+00  7.1500E+00  4.9821E+00  1.2786E+00  4.7300E+00  4.0835E+00  6.4652E-01 -3.0616E-01
  8.0000E+00  9.0700E+00  4.2214E+00  2.8355E+00  4.5700E+00  3.3378E+00  1.2322E+00  9.6628E-01
  8.0000E+00  1.2100E+01  3.2500E+00  1.6144E+00  3.0000E+00  2.4281E+00  5.7188E-01 -5.7488E-01
  8.0000E+00  2.4120E+01  1.1517E+00  2.2983E+00  1.2500E+00  6.8717E-01  5.6283E-01  5.4413E-01
  9.0000E+00  0.0000E+00  0.0000E+00  0.0000E+00  0.0000E+00  0.0000E+00  0.0000E+00  0.0000E+00
  9.0000E+00  3.0000E-01  7.1295E+00  3.8764E+00  7.3700E+00  5.0405E+00  2.3295E+00  8.6229E-01
  9.0000E+00  6.3000E-01  7.8334E+00  2.6470E+00  9.0300E+00  6.9236E+00  2.1064E+00  1.2603E+00
  9.0000E+00  1.0500E+00  7.6502E+00 -3.5122E-01  7.1400E+00  7.4386E+00 -2.9855E-01 -6.9797E-01
  9.0000E+00  2.0200E+00  7.0428E+00 -8.1542E-01  6.3300E+00  6.9841E+00 -6.5407E-01 -6.0420E-01
  9.0000E+00  3.5300E+00  6.1848E+00 -4.4805E-01  5.6600E+00  5.9720E+00 -3.1204E-01 -3.6722E-01
  9.0000E+00  5.0200E+00  5.4406E+00  9.2625E-01  5.6700E+00  5.1071E+00  5.6289E-01  7.9119E-01
  9.0000E+00  7.1700E+00  4.5218E+00  3.2703E-01  4.2400E+00  4.0749E+00  1.6509E-01 -1.3859E-01
  9.0000E+00  8.8000E+00  3.9302E+00  1.5247E+00  4.1100E+00  3.4338E+00  6.7618E-01  8.1076E-01
  9.0000E+00  1.1600E+01  3.0888E+00  1.6456E+00  3.1600E+00  2.5590E+00  6.0097E-01  5.5438E-01
  9.0000E+00  2.4430E+01  1.0242E+00  1.8629E+00  1.1200E+00  6.6516E-01  4.5484E-01  6.0453E-01
  1.0000E+01  0.0000E+00  0.0000E+00  1.0302E+00  2.4000E-01  0.0000E+00  2.4000E-01  1.0302E+00
  1.0000E+01  3.7000E-01  2.8567E+00 -4.1567E+00  2.8900E+00  5.6443E+00 -2.7543E+00  5.1901E-01
  1.0000E+01  7.7000E-01  5.0993E+00 -2.4242E+00  5.2200E+00  7.2263E+00 -2.0063E+00 -1.3788E+00
  1.0000E+01  1.0200E+00  6.1556E+00 -1.2033E+00  6.4100E+00  7.4321E+00 -1.0221E+00 -1.5209E+00
  1.0000E+01  2.0500E+00  8.6387E+00  1.0834E+00  7.8300E+00  6.9634E+00  8.6664E-01 -1.5250E+00
  1.0000E+01  3.5500E+00  9.4477E+00  6.1144E+00  1.0210E+01  5.9595E+00  4.2505E+00  2.2208E+00
  1.0000E+01  5.0500E+00  9.0538E+00  6.7466E+00  9.1800E+00  5.0910E+00  4.0890E+00  1.7169E+00
  1.0000E+01  7.0800E+00  8.0546E+00  7.6809E+00  8.0200E+00  4.1136E+00  3.9064E+00  1.2096E+00
  1.0000E+01  9.3800E+00  6.8989E+00  9.2048E+00  7.1400E+00  3.2309E+00  3.9091E+00  1.3403E+00
  1.0000E+01  1.2100E+01  5.7063E+00  9.1801E+00  5.6800E+00  2.4281E+00  3.2519E+00  1.7303E-01
  1.0000E+01  2.3700E+01  2.5238E+00  6.9191E+00  2.4200E+00  7.1815E-01  1.7018E+00 -3.9662E-01
  1.1000E+01  0.0000E+00  0.0000E+00  0.0000E+00  0.0000E+00  0.0000E+00  0.0000E+00  0.0000E+00
  1.1000E+01  2.5000E-01  5.0018E+00  6.3805E-01  4.8600E+00  4.5105E+00  3.4948E-01 -1.6069E-01
  1.1000E+01  5.0000E-01  6.8666E+00  1.0798E+00  7.2400E+00  6.4359E+00  8.0411E-01  5.6634E-01
  1.1000E+01  9.8000E-01  7.6215E+00  6.8561E-01  8.0000E+00  7.4186E+00  5.8136E-01  4.6979E-01
  1.1000E+01  1.9800E+00  7.1207E+00 -2.5042E-01  6.8100E+00  7.0116E+00 -2.0159E-01 -3.4481E-01
  1.1000E+01  3.6000E+00  6.0907E+00 -8.4294E-02  5.8700E+00  5.9283E+00 -5.8325E-02 -2.4130E-01
  1.1000E+01  5.0200E+00  5.3075E+00  1.8576E-01  5.2200E+00  5.1071E+00  1.1289E-01 -4.3461E-02
  1.1000E+01  7.0300E+00  4.3679E+00  6.1628E-01  4.4500E+00  4.1353E+00  3.1473E-01  2.8423E-01
  1.1000E+01  9.0300E+00  3.5981E+00  6.1518E-01  3.6200E+00  3.3519E+00  2.6813E-01  1.8736E-01
  1.1000E+01  1.2120E+01  2.6667E+00  7.5456E-01  2.6900E+00  2.4230E+00  2.6697E-01  2.1043E-01
  1.1000E+01  2.4080E+01  8.3650E-01  6.9366E-01  8.6000E-01  6.9006E-01  1.6994E-01  2.0453E-01
  1.2000E+01  0.0000E+00  0.0000E+00  0.0000E+00  0.0000E+00  0.0000E+00  0.0000E+00  0.0000E+00
  1.2000E+01  2.5000E-01  2.3969E+00 -5.9529E+00  1.2500E+00  4.5105E+00 -3.2605E+00 -2.5228E-01
  1.2000E+01  5.0000E-01  4.2664E+00 -3.3247E+00  3.9600E+00  6.4359E+00 -2.4759E+00 -6.1337E-01
  1.2000E+01  1.0000E+00  6.8223E+00  4.6415E-01  7.8200E+00  7.4261E+00  3.9394E-01 -3.4557E-01
  1.2000E+01  2.0000E+00  9.0468E+00  3.3875E+00  9.7200E+00  6.9978E+00  2.7222E+00  4.8723E-01
  1.2000E+01  3.5200E+00  9.2764E+00  5.4105E+00  9.7500E+00  5.9783E+00  3.7717E+00  1.7048E+00
  1.2000E+01  5.0700E+00  8.3921E+00  5.7681E+00  8.5700E+00  5.0804E+00  3.4896E+00  1.4530E+00
  1.2000E+01  7.0700E+00  7.0481E+00  4.8567E+00  6.5900E+00  4.1179E+00  2.4721E+00 -1.3480E-01
  1.2000E+01  9.0300E+00  5.8703E+00  6.3281E+00  6.1100E+00  3.3519E+00  2.7581E+00  8.2538E-01
  1.2000E+01  1.2050E+01  4.4110E+00  5.9925E+00  4.5700E+00  2.4409E+00  2.1291E+00  6.6035E-02
  1.2000E+01  2.4150E+01  1.3993E+00  1.9810E+00  1.1700E+00  6.8501E-01  4.8499E-01 -1.9999E+00
