TABLE NO.  2
 ID          ETA1        ETA2        ETA3
  1.0000E+00 -1.7106E-01 -2.1138E-01 -2.5115E-02
  2.0000E+00  4.9985E-02  1.3532E-02  2.6958E-01
  3.0000E+00  4.1288E-02 -1.6060E-02  3.7075E-01
  4.0000E+00 -3.6767E-02  8.7515E-03 -2.9998E-01
  5.0000E+00 -1.1015E-01 -1.3991E-01  4.4930E-03
  6.0000E+00  1.5082E-01  2.6371E-01 -3.9832E-01
  7.0000E+00  4.2164E-03  1.5593E-01 -8.1878E-01
  8.0000E+00  6.4879E-02  1.1568E-01 -1.8353E-01
  9.0000E+00  1.8551E-01 -2.1766E-02  1.3918E+00
  1.0000E+01 -2.3147E-01 -1.4212E-01 -8.1636E-01
  1.1000E+01  1.7263E-01  6.2560E-02  8.4495E-01
  1.2000E+01 -1.4651E-01 -1.0447E-01 -4.3782E-01
