TABLE NO.  2
 CL          V           ETA1        ETA2
  5.2871E-03  1.3910E+00 -1.0873E-01 -3.6155E-02
  5.2871E-03  1.3910E+00 -1.0873E-01 -3.6155E-02
  5.2871E-03  1.3910E+00 -1.0873E-01 -3.6155E-02
  5.2871E-03  1.3910E+00 -1.0873E-01 -3.6155E-02
  5.2871E-03  1.3910E+00 -1.0873E-01 -3.6155E-02
  5.2871E-03  1.3910E+00 -1.0873E-01 -3.6155E-02
  5.2871E-03  1.3910E+00 -1.0873E-01 -3.6155E-02
  5.2871E-03  1.3910E+00 -1.0873E-01 -3.6155E-02
  5.2871E-03  1.3910E+00 -1.0873E-01 -3.6155E-02
  5.2871E-03  1.3910E+00 -1.0873E-01 -3.6155E-02
  5.2871E-03  1.3910E+00 -1.0873E-01 -3.6155E-02
  5.2871E-03  1.3910E+00 -1.0873E-01 -3.6155E-02
  4.8424E-03  1.2395E+00 -1.9661E-01 -1.5147E-01
  4.8424E-03  1.2395E+00 -1.9661E-01 -1.5147E-01
  4.8424E-03  1.2395E+00 -1.9661E-01 -1.5147E-01
  4.8424E-03  1.2395E+00 -1.9661E-01 -1.5147E-01
  4.8424E-03  1.2395E+00 -1.9661E-01 -1.5147E-01
  4.8424E-03  1.2395E+00 -1.9661E-01 -1.5147E-01
  4.8424E-03  1.2395E+00 -1.9661E-01 -1.5147E-01
  4.8424E-03  1.2395E+00 -1.9661E-01 -1.5147E-01
  4.8424E-03  1.2395E+00 -1.9661E-01 -1.5147E-01
  4.8424E-03  1.2395E+00 -1.9661E-01 -1.5147E-01
  4.8424E-03  1.2395E+00 -1.9661E-01 -1.5147E-01
  4.8424E-03  1.2395E+00 -1.9661E-01 -1.5147E-01
  4.8424E-03  1.2395E+00 -1.9661E-01 -1.5147E-01
  4.8424E-03  1.2395E+00 -1.9661E-01 -1.5147E-01
  4.8424E-03  1.2395E+00 -1.9661E-01 -1.5147E-01
  8.6733E-03  1.6918E+00  3.8624E-01  1.5961E-01
  8.6733E-03  1.6918E+00  3.8624E-01  1.5961E-01
  8.6733E-03  1.6918E+00  3.8624E-01  1.5961E-01
  8.6733E-03  1.6918E+00  3.8624E-01  1.5961E-01
  8.6733E-03  1.6918E+00  3.8624E-01  1.5961E-01
  8.6733E-03  1.6918E+00  3.8624E-01  1.5961E-01
  8.6733E-03  1.6918E+00  3.8624E-01  1.5961E-01
  8.6733E-03  1.6918E+00  3.8624E-01  1.5961E-01
  8.6733E-03  1.6918E+00  3.8624E-01  1.5961E-01
  8.6733E-03  1.6918E+00  3.8624E-01  1.5961E-01
  8.6733E-03  1.6918E+00  3.8624E-01  1.5961E-01
  8.6733E-03  1.6918E+00  3.8624E-01  1.5961E-01
  8.6733E-03  1.6918E+00  3.8624E-01  1.5961E-01
  8.6733E-03  1.6918E+00  3.8624E-01  1.5961E-01
  8.6733E-03  1.6918E+00  3.8624E-01  1.5961E-01
  4.2297E-03  9.0036E-01 -3.3187E-01 -4.7114E-01
  4.2297E-03  9.0036E-01 -3.3187E-01 -4.7114E-01
  4.2297E-03  9.0036E-01 -3.3187E-01 -4.7114E-01
  4.2297E-03  9.0036E-01 -3.3187E-01 -4.7114E-01
  4.2297E-03  9.0036E-01 -3.3187E-01 -4.7114E-01
  4.2297E-03  9.0036E-01 -3.3187E-01 -4.7114E-01
  4.2297E-03  9.0036E-01 -3.3187E-01 -4.7114E-01
  4.2297E-03  9.0036E-01 -3.3187E-01 -4.7114E-01
  4.2297E-03  9.0036E-01 -3.3187E-01 -4.7114E-01
  4.2297E-03  9.0036E-01 -3.3187E-01 -4.7114E-01
  4.2297E-03  9.0036E-01 -3.3187E-01 -4.7114E-01
  4.2297E-03  9.0036E-01 -3.3187E-01 -4.7114E-01
  4.2297E-03  9.0036E-01 -3.3187E-01 -4.7114E-01
  4.2297E-03  9.0036E-01 -3.3187E-01 -4.7114E-01
  7.7590E-03  1.9113E+00  2.7485E-01  2.8161E-01
  7.7590E-03  1.9113E+00  2.7485E-01  2.8161E-01
  7.7590E-03  1.9113E+00  2.7485E-01  2.8161E-01
  7.7590E-03  1.9113E+00  2.7485E-01  2.8161E-01
  7.7590E-03  1.9113E+00  2.7485E-01  2.8161E-01
  7.7590E-03  1.9113E+00  2.7485E-01  2.8161E-01
  7.7590E-03  1.9113E+00  2.7485E-01  2.8161E-01
  7.7590E-03  1.9113E+00  2.7485E-01  2.8161E-01
  7.7590E-03  1.9113E+00  2.7485E-01  2.8161E-01
  7.7590E-03  1.9113E+00  2.7485E-01  2.8161E-01
  7.7590E-03  1.9113E+00  2.7485E-01  2.8161E-01
  7.7590E-03  1.9113E+00  2.7485E-01  2.8161E-01
  7.7590E-03  1.9113E+00  2.7485E-01  2.8161E-01
  7.7590E-03  1.9113E+00  2.7485E-01  2.8161E-01
  4.6494E-03  1.3881E+00 -2.3728E-01 -3.8264E-02
  4.6494E-03  1.3881E+00 -2.3728E-01 -3.8264E-02
  4.6494E-03  1.3881E+00 -2.3728E-01 -3.8264E-02
  4.6494E-03  1.3881E+00 -2.3728E-01 -3.8264E-02
  4.6494E-03  1.3881E+00 -2.3728E-01 -3.8264E-02
  4.6494E-03  1.3881E+00 -2.3728E-01 -3.8264E-02
  4.6494E-03  1.3881E+00 -2.3728E-01 -3.8264E-02
  4.6494E-03  1.3881E+00 -2.3728E-01 -3.8264E-02
  4.6494E-03  1.3881E+00 -2.3728E-01 -3.8264E-02
  4.6494E-03  1.3881E+00 -2.3728E-01 -3.8264E-02
  4.6494E-03  1.3881E+00 -2.3728E-01 -3.8264E-02
  4.6494E-03  1.3881E+00 -2.3728E-01 -3.8264E-02
  4.6494E-03  1.3881E+00 -2.3728E-01 -3.8264E-02
  4.6494E-03  1.3881E+00 -2.3728E-01 -3.8264E-02
  4.6494E-03  1.3881E+00 -2.3728E-01 -3.8264E-02
  5.2958E-03  1.0394E+00 -1.0709E-01 -3.2757E-01
  5.2958E-03  1.0394E+00 -1.0709E-01 -3.2757E-01
  5.2958E-03  1.0394E+00 -1.0709E-01 -3.2757E-01
  5.2958E-03  1.0394E+00 -1.0709E-01 -3.2757E-01
  5.2958E-03  1.0394E+00 -1.0709E-01 -3.2757E-01
  5.2958E-03  1.0394E+00 -1.0709E-01 -3.2757E-01
  5.2958E-03  1.0394E+00 -1.0709E-01 -3.2757E-01
  5.2958E-03  1.0394E+00 -1.0709E-01 -3.2757E-01
  5.2958E-03  1.0394E+00 -1.0709E-01 -3.2757E-01
  5.2958E-03  1.0394E+00 -1.0709E-01 -3.2757E-01
  5.2958E-03  1.0394E+00 -1.0709E-01 -3.2757E-01
  5.2958E-03  1.0394E+00 -1.0709E-01 -3.2757E-01
  5.2958E-03  1.0394E+00 -1.0709E-01 -3.2757E-01
  5.2958E-03  1.0394E+00 -1.0709E-01 -3.2757E-01
  5.2958E-03  1.0394E+00 -1.0709E-01 -3.2757E-01
  5.2958E-03  1.0394E+00 -1.0709E-01 -3.2757E-01
  5.7146E-03  9.1932E-01 -3.0981E-02 -4.5031E-01
  5.7146E-03  9.1932E-01 -3.0981E-02 -4.5031E-01
  5.7146E-03  9.1932E-01 -3.0981E-02 -4.5031E-01
  5.7146E-03  9.1932E-01 -3.0981E-02 -4.5031E-01
  5.7146E-03  9.1932E-01 -3.0981E-02 -4.5031E-01
  5.7146E-03  9.1932E-01 -3.0981E-02 -4.5031E-01
  5.7146E-03  9.1932E-01 -3.0981E-02 -4.5031E-01
  5.7146E-03  9.1932E-01 -3.0981E-02 -4.5031E-01
  5.7146E-03  9.1932E-01 -3.0981E-02 -4.5031E-01
  5.7146E-03  9.1932E-01 -3.0981E-02 -4.5031E-01
  5.7146E-03  9.1932E-01 -3.0981E-02 -4.5031E-01
  5.7146E-03  9.1932E-01 -3.0981E-02 -4.5031E-01
  5.7146E-03  9.1932E-01 -3.0981E-02 -4.5031E-01
  5.7146E-03  9.1932E-01 -3.0981E-02 -4.5031E-01
  5.7146E-03  9.1932E-01 -3.0981E-02 -4.5031E-01
  5.7146E-03  9.1932E-01 -3.0981E-02 -4.5031E-01
  4.7983E-03  1.2373E+00 -2.0575E-01 -1.5326E-01
  4.7983E-03  1.2373E+00 -2.0575E-01 -1.5326E-01
  4.7983E-03  1.2373E+00 -2.0575E-01 -1.5326E-01
  4.7983E-03  1.2373E+00 -2.0575E-01 -1.5326E-01
  4.7983E-03  1.2373E+00 -2.0575E-01 -1.5326E-01
  4.7983E-03  1.2373E+00 -2.0575E-01 -1.5326E-01
  4.7983E-03  1.2373E+00 -2.0575E-01 -1.5326E-01
  4.7983E-03  1.2373E+00 -2.0575E-01 -1.5326E-01
  4.7983E-03  1.2373E+00 -2.0575E-01 -1.5326E-01
  4.7983E-03  1.2373E+00 -2.0575E-01 -1.5326E-01
  4.7983E-03  1.2373E+00 -2.0575E-01 -1.5326E-01
  4.7983E-03  1.2373E+00 -2.0575E-01 -1.5326E-01
  4.7983E-03  1.2373E+00 -2.0575E-01 -1.5326E-01
  4.7983E-03  1.2373E+00 -2.0575E-01 -1.5326E-01
  4.7983E-03  1.2373E+00 -2.0575E-01 -1.5326E-01
  4.7983E-03  1.2373E+00 -2.0575E-01 -1.5326E-01
  4.7983E-03  1.2373E+00 -2.0575E-01 -1.5326E-01
  6.2327E-03  1.4108E+00  5.5804E-02 -2.2057E-02
  6.2327E-03  1.4108E+00  5.5804E-02 -2.2057E-02
  6.2327E-03  1.4108E+00  5.5804E-02 -2.2057E-02
  6.2327E-03  1.4108E+00  5.5804E-02 -2.2057E-02
  6.2327E-03  1.4108E+00  5.5804E-02 -2.2057E-02
  6.2327E-03  1.4108E+00  5.5804E-02 -2.2057E-02
  6.2327E-03  1.4108E+00  5.5804E-02 -2.2057E-02
  6.2327E-03  1.4108E+00  5.5804E-02 -2.2057E-02
  6.2327E-03  1.4108E+00  5.5804E-02 -2.2057E-02
  6.2327E-03  1.4108E+00  5.5804E-02 -2.2057E-02
  6.2327E-03  1.4108E+00  5.5804E-02 -2.2057E-02
  6.2327E-03  1.4108E+00  5.5804E-02 -2.2057E-02
  6.2327E-03  1.4108E+00  5.5804E-02 -2.2057E-02
  6.2327E-03  1.4108E+00  5.5804E-02 -2.2057E-02
  6.2327E-03  1.4108E+00  5.5804E-02 -2.2057E-02
  6.2158E-03  1.9793E+00  5.3094E-02  3.1658E-01
  6.2158E-03  1.9793E+00  5.3094E-02  3.1658E-01
  6.2158E-03  1.9793E+00  5.3094E-02  3.1658E-01
  6.2158E-03  1.9793E+00  5.3094E-02  3.1658E-01
  6.2158E-03  1.9793E+00  5.3094E-02  3.1658E-01
  6.2158E-03  1.9793E+00  5.3094E-02  3.1658E-01
  5.5894E-03  1.3594E+00 -5.3140E-02 -5.9151E-02
  5.5894E-03  1.3594E+00 -5.3140E-02 -5.9151E-02
  5.5894E-03  1.3594E+00 -5.3140E-02 -5.9151E-02
  5.5894E-03  1.3594E+00 -5.3140E-02 -5.9151E-02
  5.5894E-03  1.3594E+00 -5.3140E-02 -5.9151E-02
  5.5894E-03  1.3594E+00 -5.3140E-02 -5.9151E-02
  5.5894E-03  1.3594E+00 -5.3140E-02 -5.9151E-02
  5.5894E-03  1.3594E+00 -5.3140E-02 -5.9151E-02
  5.5894E-03  1.3594E+00 -5.3140E-02 -5.9151E-02
  5.5894E-03  1.3594E+00 -5.3140E-02 -5.9151E-02
  5.5894E-03  1.3594E+00 -5.3140E-02 -5.9151E-02
  5.5894E-03  1.3594E+00 -5.3140E-02 -5.9151E-02
  5.5894E-03  1.3594E+00 -5.3140E-02 -5.9151E-02
  5.5894E-03  1.3594E+00 -5.3140E-02 -5.9151E-02
  5.5894E-03  1.3594E+00 -5.3140E-02 -5.9151E-02
  5.5894E-03  1.3594E+00 -5.3140E-02 -5.9151E-02
  4.2758E-03  9.0848E-01 -3.2104E-01 -4.6217E-01
  4.2758E-03  9.0848E-01 -3.2104E-01 -4.6217E-01
  4.2758E-03  9.0848E-01 -3.2104E-01 -4.6217E-01
  4.2758E-03  9.0848E-01 -3.2104E-01 -4.6217E-01
  4.2758E-03  9.0848E-01 -3.2104E-01 -4.6217E-01
  4.2758E-03  9.0848E-01 -3.2104E-01 -4.6217E-01
  4.2758E-03  9.0848E-01 -3.2104E-01 -4.6217E-01
  4.2758E-03  9.0848E-01 -3.2104E-01 -4.6217E-01
  4.2758E-03  9.0848E-01 -3.2104E-01 -4.6217E-01
  4.2758E-03  9.0848E-01 -3.2104E-01 -4.6217E-01
  4.2758E-03  9.0848E-01 -3.2104E-01 -4.6217E-01
  4.2758E-03  9.0848E-01 -3.2104E-01 -4.6217E-01
  4.2758E-03  9.0848E-01 -3.2104E-01 -4.6217E-01
  4.2758E-03  9.0848E-01 -3.2104E-01 -4.6217E-01
  4.2758E-03  9.0848E-01 -3.2104E-01 -4.6217E-01
  4.2758E-03  9.0848E-01 -3.2104E-01 -4.6217E-01
  6.1819E-03  9.6931E-01  4.7622E-02 -3.9736E-01
  6.1819E-03  9.6931E-01  4.7622E-02 -3.9736E-01
  6.1819E-03  9.6931E-01  4.7622E-02 -3.9736E-01
  6.1819E-03  9.6931E-01  4.7622E-02 -3.9736E-01
  6.1819E-03  9.6931E-01  4.7622E-02 -3.9736E-01
  6.1819E-03  9.6931E-01  4.7622E-02 -3.9736E-01
  6.1819E-03  9.6931E-01  4.7622E-02 -3.9736E-01
  6.1819E-03  9.6931E-01  4.7622E-02 -3.9736E-01
  6.1819E-03  9.6931E-01  4.7622E-02 -3.9736E-01
  6.1819E-03  9.6931E-01  4.7622E-02 -3.9736E-01
  6.1819E-03  9.6931E-01  4.7622E-02 -3.9736E-01
  6.1819E-03  9.6931E-01  4.7622E-02 -3.9736E-01
  6.1819E-03  9.6931E-01  4.7622E-02 -3.9736E-01
  6.1819E-03  9.6931E-01  4.7622E-02 -3.9736E-01
  6.1819E-03  9.6931E-01  4.7622E-02 -3.9736E-01
  6.1819E-03  9.6931E-01  4.7622E-02 -3.9736E-01
  6.1819E-03  9.6931E-01  4.7622E-02 -3.9736E-01
  6.0121E-03  1.4015E+00  1.9767E-02 -2.8673E-02
  6.0121E-03  1.4015E+00  1.9767E-02 -2.8673E-02
  6.0121E-03  1.4015E+00  1.9767E-02 -2.8673E-02
  6.0121E-03  1.4015E+00  1.9767E-02 -2.8673E-02
  6.0121E-03  1.4015E+00  1.9767E-02 -2.8673E-02
  6.0121E-03  1.4015E+00  1.9767E-02 -2.8673E-02
  6.0121E-03  1.4015E+00  1.9767E-02 -2.8673E-02
  6.0121E-03  1.4015E+00  1.9767E-02 -2.8673E-02
  6.0121E-03  1.4015E+00  1.9767E-02 -2.8673E-02
  6.0121E-03  1.4015E+00  1.9767E-02 -2.8673E-02
  6.0121E-03  1.4015E+00  1.9767E-02 -2.8673E-02
  6.0121E-03  1.4015E+00  1.9767E-02 -2.8673E-02
  6.0121E-03  1.4015E+00  1.9767E-02 -2.8673E-02
  6.0121E-03  1.4015E+00  1.9767E-02 -2.8673E-02
  4.2251E-03  1.2254E+00 -3.3297E-01 -1.6293E-01
  4.2251E-03  1.2254E+00 -3.3297E-01 -1.6293E-01
  4.2251E-03  1.2254E+00 -3.3297E-01 -1.6293E-01
  4.2251E-03  1.2254E+00 -3.3297E-01 -1.6293E-01
  4.2251E-03  1.2254E+00 -3.3297E-01 -1.6293E-01
  4.2251E-03  1.2254E+00 -3.3297E-01 -1.6293E-01
  4.2251E-03  1.2254E+00 -3.3297E-01 -1.6293E-01
  4.2251E-03  1.2254E+00 -3.3297E-01 -1.6293E-01
  4.2251E-03  1.2254E+00 -3.3297E-01 -1.6293E-01
  4.2251E-03  1.2254E+00 -3.3297E-01 -1.6293E-01
  4.2251E-03  1.2254E+00 -3.3297E-01 -1.6293E-01
  4.2251E-03  1.2254E+00 -3.3297E-01 -1.6293E-01
  4.2251E-03  1.2254E+00 -3.3297E-01 -1.6293E-01
  4.2251E-03  1.2254E+00 -3.3297E-01 -1.6293E-01
  4.2251E-03  1.2254E+00 -3.3297E-01 -1.6293E-01
  4.2251E-03  1.2254E+00 -3.3297E-01 -1.6293E-01
  4.2251E-03  1.2254E+00 -3.3297E-01 -1.6293E-01
  4.2251E-03  1.2254E+00 -3.3297E-01 -1.6293E-01
  4.3010E-03  1.0666E+00 -3.1516E-01 -3.0169E-01
  4.3010E-03  1.0666E+00 -3.1516E-01 -3.0169E-01
  4.3010E-03  1.0666E+00 -3.1516E-01 -3.0169E-01
  4.3010E-03  1.0666E+00 -3.1516E-01 -3.0169E-01
  4.3010E-03  1.0666E+00 -3.1516E-01 -3.0169E-01
  4.3010E-03  1.0666E+00 -3.1516E-01 -3.0169E-01
  4.3010E-03  1.0666E+00 -3.1516E-01 -3.0169E-01
  4.3010E-03  1.0666E+00 -3.1516E-01 -3.0169E-01
  4.3010E-03  1.0666E+00 -3.1516E-01 -3.0169E-01
  4.3010E-03  1.0666E+00 -3.1516E-01 -3.0169E-01
  4.3010E-03  1.0666E+00 -3.1516E-01 -3.0169E-01
  4.3010E-03  1.0666E+00 -3.1516E-01 -3.0169E-01
  4.3010E-03  1.0666E+00 -3.1516E-01 -3.0169E-01
  4.3010E-03  1.0666E+00 -3.1516E-01 -3.0169E-01
  4.3010E-03  1.0666E+00 -3.1516E-01 -3.0169E-01
  4.3010E-03  1.0666E+00 -3.1516E-01 -3.0169E-01
  7.7185E-03  1.1394E+00  2.6961E-01 -2.3564E-01
  7.7185E-03  1.1394E+00  2.6961E-01 -2.3564E-01
  7.7185E-03  1.1394E+00  2.6961E-01 -2.3564E-01
  7.7185E-03  1.1394E+00  2.6961E-01 -2.3564E-01
  7.7185E-03  1.1394E+00  2.6961E-01 -2.3564E-01
  7.7185E-03  1.1394E+00  2.6961E-01 -2.3564E-01
  7.7185E-03  1.1394E+00  2.6961E-01 -2.3564E-01
  7.7185E-03  1.1394E+00  2.6961E-01 -2.3564E-01
  7.7185E-03  1.1394E+00  2.6961E-01 -2.3564E-01
  7.7185E-03  1.1394E+00  2.6961E-01 -2.3564E-01
  7.7185E-03  1.1394E+00  2.6961E-01 -2.3564E-01
  7.7185E-03  1.1394E+00  2.6961E-01 -2.3564E-01
  7.7185E-03  1.1394E+00  2.6961E-01 -2.3564E-01
  7.7185E-03  1.1394E+00  2.6961E-01 -2.3564E-01
  7.7185E-03  1.1394E+00  2.6961E-01 -2.3564E-01
  7.7185E-03  1.1394E+00  2.6961E-01 -2.3564E-01
  5.0765E-03  1.1032E+00 -1.4938E-01 -2.6797E-01
  5.0765E-03  1.1032E+00 -1.4938E-01 -2.6797E-01
  5.0765E-03  1.1032E+00 -1.4938E-01 -2.6797E-01
  5.0765E-03  1.1032E+00 -1.4938E-01 -2.6797E-01
  5.0765E-03  1.1032E+00 -1.4938E-01 -2.6797E-01
  5.0765E-03  1.1032E+00 -1.4938E-01 -2.6797E-01
  5.0765E-03  1.1032E+00 -1.4938E-01 -2.6797E-01
  5.0765E-03  1.1032E+00 -1.4938E-01 -2.6797E-01
  5.0765E-03  1.1032E+00 -1.4938E-01 -2.6797E-01
  5.0765E-03  1.1032E+00 -1.4938E-01 -2.6797E-01
  5.0765E-03  1.1032E+00 -1.4938E-01 -2.6797E-01
  5.0765E-03  1.1032E+00 -1.4938E-01 -2.6797E-01
  5.0765E-03  1.1032E+00 -1.4938E-01 -2.6797E-01
  5.0765E-03  1.1032E+00 -1.4938E-01 -2.6797E-01
  5.0765E-03  1.1032E+00 -1.4938E-01 -2.6797E-01
  5.0765E-03  1.1032E+00 -1.4938E-01 -2.6797E-01
  5.0765E-03  1.1032E+00 -1.4938E-01 -2.6797E-01
  5.7338E-03  1.0649E+00 -2.7635E-02 -3.0329E-01
  5.7338E-03  1.0649E+00 -2.7635E-02 -3.0329E-01
  5.7338E-03  1.0649E+00 -2.7635E-02 -3.0329E-01
  5.7338E-03  1.0649E+00 -2.7635E-02 -3.0329E-01
  5.7338E-03  1.0649E+00 -2.7635E-02 -3.0329E-01
  5.7338E-03  1.0649E+00 -2.7635E-02 -3.0329E-01
  5.7338E-03  1.0649E+00 -2.7635E-02 -3.0329E-01
  5.7338E-03  1.0649E+00 -2.7635E-02 -3.0329E-01
  5.7338E-03  1.0649E+00 -2.7635E-02 -3.0329E-01
  5.7338E-03  1.0649E+00 -2.7635E-02 -3.0329E-01
  5.7338E-03  1.0649E+00 -2.7635E-02 -3.0329E-01
  5.7338E-03  1.0649E+00 -2.7635E-02 -3.0329E-01
  5.7338E-03  1.0649E+00 -2.7635E-02 -3.0329E-01
  5.7338E-03  1.0649E+00 -2.7635E-02 -3.0329E-01
  5.7338E-03  1.0649E+00 -2.7635E-02 -3.0329E-01
  7.5704E-03  1.6540E+00  2.5024E-01  1.3704E-01
  7.5704E-03  1.6540E+00  2.5024E-01  1.3704E-01
  7.5704E-03  1.6540E+00  2.5024E-01  1.3704E-01
  7.5704E-03  1.6540E+00  2.5024E-01  1.3704E-01
  7.5704E-03  1.6540E+00  2.5024E-01  1.3704E-01
  7.5704E-03  1.6540E+00  2.5024E-01  1.3704E-01
  7.5704E-03  1.6540E+00  2.5024E-01  1.3704E-01
  7.5704E-03  1.6540E+00  2.5024E-01  1.3704E-01
  7.5704E-03  1.6540E+00  2.5024E-01  1.3704E-01
  7.5704E-03  1.6540E+00  2.5024E-01  1.3704E-01
  7.5704E-03  1.6540E+00  2.5024E-01  1.3704E-01
  7.5704E-03  1.6540E+00  2.5024E-01  1.3704E-01
  7.5704E-03  1.6540E+00  2.5024E-01  1.3704E-01
  7.5704E-03  1.6540E+00  2.5024E-01  1.3704E-01
  7.5704E-03  1.6540E+00  2.5024E-01  1.3704E-01
  7.5704E-03  1.6540E+00  2.5024E-01  1.3704E-01
  7.5704E-03  1.6540E+00  2.5024E-01  1.3704E-01
  6.1213E-03  1.3805E+00  3.7767E-02 -4.3713E-02
  6.1213E-03  1.3805E+00  3.7767E-02 -4.3713E-02
  6.1213E-03  1.3805E+00  3.7767E-02 -4.3713E-02
  6.1213E-03  1.3805E+00  3.7767E-02 -4.3713E-02
  6.1213E-03  1.3805E+00  3.7767E-02 -4.3713E-02
  6.1213E-03  1.3805E+00  3.7767E-02 -4.3713E-02
  6.1213E-03  1.3805E+00  3.7767E-02 -4.3713E-02
  1.6941E-02  2.5622E+00  1.0557E+00  5.7467E-01
  1.6941E-02  2.5622E+00  1.0557E+00  5.7467E-01
  1.6941E-02  2.5622E+00  1.0557E+00  5.7467E-01
  1.6941E-02  2.5622E+00  1.0557E+00  5.7467E-01
  1.6941E-02  2.5622E+00  1.0557E+00  5.7467E-01
  1.6941E-02  2.5622E+00  1.0557E+00  5.7467E-01
  1.6941E-02  2.5622E+00  1.0557E+00  5.7467E-01
  1.6941E-02  2.5622E+00  1.0557E+00  5.7467E-01
  1.6941E-02  2.5622E+00  1.0557E+00  5.7467E-01
  1.6941E-02  2.5622E+00  1.0557E+00  5.7467E-01
  1.6941E-02  2.5622E+00  1.0557E+00  5.7467E-01
  1.6941E-02  2.5622E+00  1.0557E+00  5.7467E-01
  1.6941E-02  2.5622E+00  1.0557E+00  5.7467E-01
  1.6941E-02  2.5622E+00  1.0557E+00  5.7467E-01
  1.6941E-02  2.5622E+00  1.0557E+00  5.7467E-01
  1.9157E-02  3.4566E+00  1.1786E+00  8.7409E-01
  1.9157E-02  3.4566E+00  1.1786E+00  8.7409E-01
  1.9157E-02  3.4566E+00  1.1786E+00  8.7409E-01
  1.9157E-02  3.4566E+00  1.1786E+00  8.7409E-01
  1.9157E-02  3.4566E+00  1.1786E+00  8.7409E-01
  1.9157E-02  3.4566E+00  1.1786E+00  8.7409E-01
  1.9157E-02  3.4566E+00  1.1786E+00  8.7409E-01
  1.9157E-02  3.4566E+00  1.1786E+00  8.7409E-01
  1.9157E-02  3.4566E+00  1.1786E+00  8.7409E-01
  1.9157E-02  3.4566E+00  1.1786E+00  8.7409E-01
  1.9157E-02  3.4566E+00  1.1786E+00  8.7409E-01
  1.9157E-02  3.4566E+00  1.1786E+00  8.7409E-01
  1.9157E-02  3.4566E+00  1.1786E+00  8.7409E-01
  1.9157E-02  3.4566E+00  1.1786E+00  8.7409E-01
  1.9157E-02  3.4566E+00  1.1786E+00  8.7409E-01
  1.9157E-02  3.4566E+00  1.1786E+00  8.7409E-01
  1.9157E-02  3.4566E+00  1.1786E+00  8.7409E-01
  1.9157E-02  3.4566E+00  1.1786E+00  8.7409E-01
  3.5468E-03  1.0987E+00 -5.0796E-01 -2.7203E-01
  3.5468E-03  1.0987E+00 -5.0796E-01 -2.7203E-01
  3.5468E-03  1.0987E+00 -5.0796E-01 -2.7203E-01
  3.5468E-03  1.0987E+00 -5.0796E-01 -2.7203E-01
  3.5468E-03  1.0987E+00 -5.0796E-01 -2.7203E-01
  3.5468E-03  1.0987E+00 -5.0796E-01 -2.7203E-01
  3.5468E-03  1.0987E+00 -5.0796E-01 -2.7203E-01
  3.5468E-03  1.0987E+00 -5.0796E-01 -2.7203E-01
  3.5468E-03  1.0987E+00 -5.0796E-01 -2.7203E-01
  3.5468E-03  1.0987E+00 -5.0796E-01 -2.7203E-01
  3.5468E-03  1.0987E+00 -5.0796E-01 -2.7203E-01
  3.5468E-03  1.0987E+00 -5.0796E-01 -2.7203E-01
  3.5468E-03  1.0987E+00 -5.0796E-01 -2.7203E-01
  3.5468E-03  1.0987E+00 -5.0796E-01 -2.7203E-01
  3.5468E-03  1.0987E+00 -5.0796E-01 -2.7203E-01
  3.5468E-03  1.0987E+00 -5.0796E-01 -2.7203E-01
  3.5468E-03  1.0987E+00 -5.0796E-01 -2.7203E-01
  3.5468E-03  1.0987E+00 -5.0796E-01 -2.7203E-01
  3.5468E-03  1.0987E+00 -5.0796E-01 -2.7203E-01
  3.5468E-03  1.0987E+00 -5.0796E-01 -2.7203E-01
  8.2236E-03  3.3348E+00  3.3300E-01  8.3822E-01
  8.2236E-03  3.3348E+00  3.3300E-01  8.3822E-01
  8.2236E-03  3.3348E+00  3.3300E-01  8.3822E-01
  8.2236E-03  3.3348E+00  3.3300E-01  8.3822E-01
  8.2236E-03  3.3348E+00  3.3300E-01  8.3822E-01
  8.2236E-03  3.3348E+00  3.3300E-01  8.3822E-01
  8.2236E-03  3.3348E+00  3.3300E-01  8.3822E-01
  8.2236E-03  3.3348E+00  3.3300E-01  8.3822E-01
  8.2236E-03  3.3348E+00  3.3300E-01  8.3822E-01
  8.2236E-03  3.3348E+00  3.3300E-01  8.3822E-01
  8.2236E-03  3.3348E+00  3.3300E-01  8.3822E-01
  8.2236E-03  3.3348E+00  3.3300E-01  8.3822E-01
  7.3883E-03  1.3576E+00  2.2589E-01 -6.0465E-02
  7.3883E-03  1.3576E+00  2.2589E-01 -6.0465E-02
  7.3883E-03  1.3576E+00  2.2589E-01 -6.0465E-02
  7.3883E-03  1.3576E+00  2.2589E-01 -6.0465E-02
  7.3883E-03  1.3576E+00  2.2589E-01 -6.0465E-02
  7.3883E-03  1.3576E+00  2.2589E-01 -6.0465E-02
  7.3883E-03  1.3576E+00  2.2589E-01 -6.0465E-02
  7.3883E-03  1.3576E+00  2.2589E-01 -6.0465E-02
  7.3883E-03  1.3576E+00  2.2589E-01 -6.0465E-02
  5.9116E-03  3.2245E+00  2.9018E-03  8.0459E-01
  5.9116E-03  3.2245E+00  2.9018E-03  8.0459E-01
  5.3498E-03  1.0032E+00 -9.6946E-02 -3.6299E-01
  5.3498E-03  1.0032E+00 -9.6946E-02 -3.6299E-01
  5.3498E-03  1.0032E+00 -9.6946E-02 -3.6299E-01
  5.3498E-03  1.0032E+00 -9.6946E-02 -3.6299E-01
  5.3498E-03  1.0032E+00 -9.6946E-02 -3.6299E-01
  8.3938E-03  1.9257E+00  3.5348E-01  2.8913E-01
  8.3938E-03  1.9257E+00  3.5348E-01  2.8913E-01
  8.3938E-03  1.9257E+00  3.5348E-01  2.8913E-01
  8.3938E-03  1.9257E+00  3.5348E-01  2.8913E-01
  8.3938E-03  1.9257E+00  3.5348E-01  2.8913E-01
  8.3938E-03  1.9257E+00  3.5348E-01  2.8913E-01
  8.3938E-03  1.9257E+00  3.5348E-01  2.8913E-01
  8.3938E-03  1.9257E+00  3.5348E-01  2.8913E-01
  8.3938E-03  1.9257E+00  3.5348E-01  2.8913E-01
  8.3938E-03  1.9257E+00  3.5348E-01  2.8913E-01
  8.3938E-03  1.9257E+00  3.5348E-01  2.8913E-01
  8.3938E-03  1.9257E+00  3.5348E-01  2.8913E-01
  8.3938E-03  1.9257E+00  3.5348E-01  2.8913E-01
  8.3938E-03  1.9257E+00  3.5348E-01  2.8913E-01
  8.3938E-03  1.9257E+00  3.5348E-01  2.8913E-01
  5.8890E-03  1.1948E+00 -9.1357E-04 -1.8820E-01
  5.8890E-03  1.1948E+00 -9.1357E-04 -1.8820E-01
  7.1423E-03  5.4675E+00  1.9202E-01  1.3326E+00
  7.1423E-03  5.4675E+00  1.9202E-01  1.3326E+00
  7.1423E-03  5.4675E+00  1.9202E-01  1.3326E+00
  7.1423E-03  5.4675E+00  1.9202E-01  1.3326E+00
  7.1423E-03  5.4675E+00  1.9202E-01  1.3326E+00
  7.1423E-03  5.4675E+00  1.9202E-01  1.3326E+00
  7.1423E-03  5.4675E+00  1.9202E-01  1.3326E+00
  7.1423E-03  5.4675E+00  1.9202E-01  1.3326E+00
  7.1423E-03  5.4675E+00  1.9202E-01  1.3326E+00
  7.1423E-03  5.4675E+00  1.9202E-01  1.3326E+00
  7.1423E-03  5.4675E+00  1.9202E-01  1.3326E+00
  5.7470E-03  1.5580E+00 -2.5328E-02  7.7240E-02
  5.7470E-03  1.5580E+00 -2.5328E-02  7.7240E-02
  5.7470E-03  1.5580E+00 -2.5328E-02  7.7240E-02
  5.7470E-03  1.5580E+00 -2.5328E-02  7.7240E-02
  5.7470E-03  1.5580E+00 -2.5328E-02  7.7240E-02
  5.7470E-03  1.5580E+00 -2.5328E-02  7.7240E-02
  5.7470E-03  1.5580E+00 -2.5328E-02  7.7240E-02
  5.7470E-03  1.5580E+00 -2.5328E-02  7.7240E-02
  6.4063E-03  1.5503E+00  8.3281E-02  7.2243E-02
  6.4063E-03  1.5503E+00  8.3281E-02  7.2243E-02
  6.4063E-03  1.5503E+00  8.3281E-02  7.2243E-02
  6.4063E-03  1.5503E+00  8.3281E-02  7.2243E-02
  6.4063E-03  1.5503E+00  8.3281E-02  7.2243E-02
  6.4063E-03  1.5503E+00  8.3281E-02  7.2243E-02
  6.4063E-03  1.5503E+00  8.3281E-02  7.2243E-02
  6.4063E-03  1.5503E+00  8.3281E-02  7.2243E-02
  6.4063E-03  1.5503E+00  8.3281E-02  7.2243E-02
  5.4317E-03  2.0266E+00 -8.1761E-02  3.4019E-01
  5.4317E-03  2.0266E+00 -8.1761E-02  3.4019E-01
  5.4317E-03  2.0266E+00 -8.1761E-02  3.4019E-01
  5.4317E-03  2.0266E+00 -8.1761E-02  3.4019E-01
  5.4317E-03  2.0266E+00 -8.1761E-02  3.4019E-01
  5.4317E-03  2.0266E+00 -8.1761E-02  3.4019E-01
  5.4317E-03  2.0266E+00 -8.1761E-02  3.4019E-01
  5.4317E-03  2.0266E+00 -8.1761E-02  3.4019E-01
  5.4317E-03  2.0266E+00 -8.1761E-02  3.4019E-01
  5.4317E-03  2.0266E+00 -8.1761E-02  3.4019E-01
  5.4317E-03  2.0266E+00 -8.1761E-02  3.4019E-01
  8.4385E-03  1.4232E+00  3.5880E-01 -1.3280E-02
  8.4385E-03  1.4232E+00  3.5880E-01 -1.3280E-02
  8.4385E-03  1.4232E+00  3.5880E-01 -1.3280E-02
  8.4385E-03  1.4232E+00  3.5880E-01 -1.3280E-02
  8.4385E-03  1.4232E+00  3.5880E-01 -1.3280E-02
  8.4385E-03  1.4232E+00  3.5880E-01 -1.3280E-02
  8.4385E-03  1.4232E+00  3.5880E-01 -1.3280E-02
  8.4385E-03  1.4232E+00  3.5880E-01 -1.3280E-02
  8.4385E-03  1.4232E+00  3.5880E-01 -1.3280E-02
  8.4385E-03  1.4232E+00  3.5880E-01 -1.3280E-02
  8.4385E-03  1.4232E+00  3.5880E-01 -1.3280E-02
  8.4385E-03  1.4232E+00  3.5880E-01 -1.3280E-02
  8.4385E-03  1.4232E+00  3.5880E-01 -1.3280E-02
  8.4385E-03  1.4232E+00  3.5880E-01 -1.3280E-02
  8.4385E-03  1.4232E+00  3.5880E-01 -1.3280E-02
  5.3621E-03  1.2229E+00 -9.4650E-02 -1.6499E-01
  5.3621E-03  1.2229E+00 -9.4650E-02 -1.6499E-01
  5.3621E-03  1.2229E+00 -9.4650E-02 -1.6499E-01
  5.3621E-03  1.2229E+00 -9.4650E-02 -1.6499E-01
  5.3621E-03  1.2229E+00 -9.4650E-02 -1.6499E-01
  5.3621E-03  1.2229E+00 -9.4650E-02 -1.6499E-01
  5.3621E-03  1.2229E+00 -9.4650E-02 -1.6499E-01
  5.3621E-03  1.2229E+00 -9.4650E-02 -1.6499E-01
  5.3621E-03  1.2229E+00 -9.4650E-02 -1.6499E-01
  5.3621E-03  1.2229E+00 -9.4650E-02 -1.6499E-01
  5.3621E-03  1.2229E+00 -9.4650E-02 -1.6499E-01
  5.3621E-03  1.2229E+00 -9.4650E-02 -1.6499E-01
  5.3621E-03  1.2229E+00 -9.4650E-02 -1.6499E-01
  5.3621E-03  1.2229E+00 -9.4650E-02 -1.6499E-01
  5.3621E-03  1.2229E+00 -9.4650E-02 -1.6499E-01
  5.3621E-03  1.2229E+00 -9.4650E-02 -1.6499E-01
  6.8318E-03  1.4297E+00  1.4758E-01 -8.6997E-03
  6.8318E-03  1.4297E+00  1.4758E-01 -8.6997E-03
  6.8318E-03  1.4297E+00  1.4758E-01 -8.6997E-03
  6.8318E-03  1.4297E+00  1.4758E-01 -8.6997E-03
  6.8318E-03  1.4297E+00  1.4758E-01 -8.6997E-03
  6.8318E-03  1.4297E+00  1.4758E-01 -8.6997E-03
  6.8318E-03  1.4297E+00  1.4758E-01 -8.6997E-03
  6.8318E-03  1.4297E+00  1.4758E-01 -8.6997E-03
  6.8318E-03  1.4297E+00  1.4758E-01 -8.6997E-03
  6.8318E-03  1.4297E+00  1.4758E-01 -8.6997E-03
  6.8318E-03  1.4297E+00  1.4758E-01 -8.6997E-03
  6.8318E-03  1.4297E+00  1.4758E-01 -8.6997E-03
  6.8318E-03  1.4297E+00  1.4758E-01 -8.6997E-03
  6.8318E-03  1.4297E+00  1.4758E-01 -8.6997E-03
  6.8318E-03  1.4297E+00  1.4758E-01 -8.6997E-03
  6.8318E-03  1.4297E+00  1.4758E-01 -8.6997E-03
  6.8318E-03  1.4297E+00  1.4758E-01 -8.6997E-03
  6.8318E-03  1.4297E+00  1.4758E-01 -8.6997E-03
  6.8318E-03  1.4297E+00  1.4758E-01 -8.6997E-03
  9.4099E-03  1.8013E+00  4.6776E-01  2.2232E-01
  9.4099E-03  1.8013E+00  4.6776E-01  2.2232E-01
  9.4099E-03  1.8013E+00  4.6776E-01  2.2232E-01
  9.4099E-03  1.8013E+00  4.6776E-01  2.2232E-01
  9.4099E-03  1.8013E+00  4.6776E-01  2.2232E-01
  9.4099E-03  1.8013E+00  4.6776E-01  2.2232E-01
  9.4099E-03  1.8013E+00  4.6776E-01  2.2232E-01
  9.4099E-03  1.8013E+00  4.6776E-01  2.2232E-01
  9.4099E-03  1.8013E+00  4.6776E-01  2.2232E-01
  9.4099E-03  1.8013E+00  4.6776E-01  2.2232E-01
  9.4099E-03  1.8013E+00  4.6776E-01  2.2232E-01
  9.4099E-03  1.8013E+00  4.6776E-01  2.2232E-01
  9.4099E-03  1.8013E+00  4.6776E-01  2.2232E-01
  9.4099E-03  1.8013E+00  4.6776E-01  2.2232E-01
  9.4099E-03  1.8013E+00  4.6776E-01  2.2232E-01
  5.8875E-03  1.3591E+00 -1.1715E-03 -5.9361E-02
  5.8875E-03  1.3591E+00 -1.1715E-03 -5.9361E-02
  5.8875E-03  1.3591E+00 -1.1715E-03 -5.9361E-02
  5.8875E-03  1.3591E+00 -1.1715E-03 -5.9361E-02
  5.8875E-03  1.3591E+00 -1.1715E-03 -5.9361E-02
  6.2676E-03  1.9499E+00  6.1381E-02  3.0162E-01
  6.2676E-03  1.9499E+00  6.1381E-02  3.0162E-01
  6.2676E-03  1.9499E+00  6.1381E-02  3.0162E-01
  6.2676E-03  1.9499E+00  6.1381E-02  3.0162E-01
  6.2676E-03  1.9499E+00  6.1381E-02  3.0162E-01
  6.2676E-03  1.9499E+00  6.1381E-02  3.0162E-01
  6.2676E-03  1.9499E+00  6.1381E-02  3.0162E-01
  6.2676E-03  1.9499E+00  6.1381E-02  3.0162E-01
  6.2676E-03  1.9499E+00  6.1381E-02  3.0162E-01
  6.2676E-03  1.9499E+00  6.1381E-02  3.0162E-01
  7.1166E-03  4.8933E+00  1.8842E-01  1.2217E+00
  7.1166E-03  4.8933E+00  1.8842E-01  1.2217E+00
  7.1166E-03  4.8933E+00  1.8842E-01  1.2217E+00
  7.1166E-03  4.8933E+00  1.8842E-01  1.2217E+00
  7.1166E-03  4.8933E+00  1.8842E-01  1.2217E+00
  7.1166E-03  4.8933E+00  1.8842E-01  1.2217E+00
  7.1166E-03  4.8933E+00  1.8842E-01  1.2217E+00
  7.1166E-03  4.8933E+00  1.8842E-01  1.2217E+00
  7.1166E-03  4.8933E+00  1.8842E-01  1.2217E+00
  7.1166E-03  4.8933E+00  1.8842E-01  1.2217E+00
  5.8496E-03  8.3386E-01 -7.6401E-03 -5.4787E-01
  5.8496E-03  8.3386E-01 -7.6401E-03 -5.4787E-01
  6.6744E-03  1.4829E+00  1.2427E-01  2.7828E-02
  6.6744E-03  1.4829E+00  1.2427E-01  2.7828E-02
  6.6744E-03  1.4829E+00  1.2427E-01  2.7828E-02
  6.6744E-03  1.4829E+00  1.2427E-01  2.7828E-02
  6.6744E-03  1.4829E+00  1.2427E-01  2.7828E-02
  6.6744E-03  1.4829E+00  1.2427E-01  2.7828E-02
  6.6744E-03  1.4829E+00  1.2427E-01  2.7828E-02
  6.6744E-03  1.4829E+00  1.2427E-01  2.7828E-02
  6.6744E-03  1.4829E+00  1.2427E-01  2.7828E-02
  6.6744E-03  1.4829E+00  1.2427E-01  2.7828E-02
  6.6744E-03  1.4829E+00  1.2427E-01  2.7828E-02
  6.6744E-03  1.4829E+00  1.2427E-01  2.7828E-02
  6.6744E-03  1.4829E+00  1.2427E-01  2.7828E-02
  6.6744E-03  1.4829E+00  1.2427E-01  2.7828E-02
  6.6744E-03  1.4829E+00  1.2427E-01  2.7828E-02
  4.6073E-03  9.2198E-01 -2.4636E-01 -4.4741E-01
  4.6073E-03  9.2198E-01 -2.4636E-01 -4.4741E-01
  4.6073E-03  9.2198E-01 -2.4636E-01 -4.4741E-01
  4.6073E-03  9.2198E-01 -2.4636E-01 -4.4741E-01
  4.6073E-03  9.2198E-01 -2.4636E-01 -4.4741E-01
  4.6073E-03  9.2198E-01 -2.4636E-01 -4.4741E-01
  4.6073E-03  9.2198E-01 -2.4636E-01 -4.4741E-01
  4.6073E-03  9.2198E-01 -2.4636E-01 -4.4741E-01
  4.6073E-03  9.2198E-01 -2.4636E-01 -4.4741E-01
  4.6073E-03  9.2198E-01 -2.4636E-01 -4.4741E-01
  4.6073E-03  9.2198E-01 -2.4636E-01 -4.4741E-01
  4.6073E-03  9.2198E-01 -2.4636E-01 -4.4741E-01
  5.8805E-03  1.1134E+00 -2.3654E-03 -2.5878E-01
  5.8805E-03  1.1134E+00 -2.3654E-03 -2.5878E-01
  5.8805E-03  1.1134E+00 -2.3654E-03 -2.5878E-01
  6.1247E-03  2.3991E+00  3.8322E-02  5.0892E-01
  6.1247E-03  2.3991E+00  3.8322E-02  5.0892E-01
  6.1247E-03  2.3991E+00  3.8322E-02  5.0892E-01
  6.1247E-03  2.3991E+00  3.8322E-02  5.0892E-01
  6.1247E-03  2.3991E+00  3.8322E-02  5.0892E-01
  6.1247E-03  2.3991E+00  3.8322E-02  5.0892E-01
  2.0861E-03  7.2574E-01 -1.0387E+00 -6.8674E-01
  2.0861E-03  7.2574E-01 -1.0387E+00 -6.8674E-01
  2.0861E-03  7.2574E-01 -1.0387E+00 -6.8674E-01
  2.0861E-03  7.2574E-01 -1.0387E+00 -6.8674E-01
  2.0861E-03  7.2574E-01 -1.0387E+00 -6.8674E-01
  2.0861E-03  7.2574E-01 -1.0387E+00 -6.8674E-01
  2.0861E-03  7.2574E-01 -1.0387E+00 -6.8674E-01
  2.0861E-03  7.2574E-01 -1.0387E+00 -6.8674E-01
  2.0861E-03  7.2574E-01 -1.0387E+00 -6.8674E-01
  2.0861E-03  7.2574E-01 -1.0387E+00 -6.8674E-01
  2.0861E-03  7.2574E-01 -1.0387E+00 -6.8674E-01
  2.0861E-03  7.2574E-01 -1.0387E+00 -6.8674E-01
  2.0861E-03  7.2574E-01 -1.0387E+00 -6.8674E-01
  5.3388E-03  1.4814E+00 -9.9010E-02  2.6817E-02
  5.3388E-03  1.4814E+00 -9.9010E-02  2.6817E-02
  5.3388E-03  1.4814E+00 -9.9010E-02  2.6817E-02
  5.3388E-03  1.4814E+00 -9.9010E-02  2.6817E-02
  5.3388E-03  1.4814E+00 -9.9010E-02  2.6817E-02
  5.3388E-03  1.4814E+00 -9.9010E-02  2.6817E-02
  5.3388E-03  1.4814E+00 -9.9010E-02  2.6817E-02
  5.3388E-03  1.4814E+00 -9.9010E-02  2.6817E-02
  5.3388E-03  1.4814E+00 -9.9010E-02  2.6817E-02
  5.3388E-03  1.4814E+00 -9.9010E-02  2.6817E-02
  5.3388E-03  1.4814E+00 -9.9010E-02  2.6817E-02
  5.3388E-03  1.4814E+00 -9.9010E-02  2.6817E-02
  5.3388E-03  1.4814E+00 -9.9010E-02  2.6817E-02
  5.3388E-03  1.4814E+00 -9.9010E-02  2.6817E-02
  5.3388E-03  1.4814E+00 -9.9010E-02  2.6817E-02
  5.3388E-03  1.4814E+00 -9.9010E-02  2.6817E-02
  5.4052E-03  8.2054E-01 -8.6653E-02 -5.6398E-01
  5.4052E-03  8.2054E-01 -8.6653E-02 -5.6398E-01
  5.4052E-03  8.2054E-01 -8.6653E-02 -5.6398E-01
  5.4052E-03  8.2054E-01 -8.6653E-02 -5.6398E-01
  5.4052E-03  8.2054E-01 -8.6653E-02 -5.6398E-01
  5.4052E-03  8.2054E-01 -8.6653E-02 -5.6398E-01
  5.4052E-03  8.2054E-01 -8.6653E-02 -5.6398E-01
  5.4052E-03  8.2054E-01 -8.6653E-02 -5.6398E-01
  5.4052E-03  8.2054E-01 -8.6653E-02 -5.6398E-01
  5.4052E-03  8.2054E-01 -8.6653E-02 -5.6398E-01
  5.4052E-03  8.2054E-01 -8.6653E-02 -5.6398E-01
  5.4052E-03  8.2054E-01 -8.6653E-02 -5.6398E-01
  5.4052E-03  8.2054E-01 -8.6653E-02 -5.6398E-01
  5.4052E-03  8.2054E-01 -8.6653E-02 -5.6398E-01
  5.4052E-03  8.2054E-01 -8.6653E-02 -5.6398E-01
  5.4052E-03  8.2054E-01 -8.6653E-02 -5.6398E-01
  5.4052E-03  8.2054E-01 -8.6653E-02 -5.6398E-01
  5.4052E-03  8.2054E-01 -8.6653E-02 -5.6398E-01
  5.4052E-03  8.2054E-01 -8.6653E-02 -5.6398E-01
  4.5626E-03  1.1018E+00 -2.5611E-01 -2.6924E-01
  4.5626E-03  1.1018E+00 -2.5611E-01 -2.6924E-01
  4.5626E-03  1.1018E+00 -2.5611E-01 -2.6924E-01
  4.5626E-03  1.1018E+00 -2.5611E-01 -2.6924E-01
  4.5626E-03  1.1018E+00 -2.5611E-01 -2.6924E-01
  4.5626E-03  1.1018E+00 -2.5611E-01 -2.6924E-01
  4.5626E-03  1.1018E+00 -2.5611E-01 -2.6924E-01
  4.5626E-03  1.1018E+00 -2.5611E-01 -2.6924E-01
  4.5626E-03  1.1018E+00 -2.5611E-01 -2.6924E-01
  4.5626E-03  1.1018E+00 -2.5611E-01 -2.6924E-01
  4.5626E-03  1.1018E+00 -2.5611E-01 -2.6924E-01
  4.5626E-03  1.1018E+00 -2.5611E-01 -2.6924E-01
  4.5626E-03  1.1018E+00 -2.5611E-01 -2.6924E-01
  4.5626E-03  1.1018E+00 -2.5611E-01 -2.6924E-01
  4.5626E-03  1.1018E+00 -2.5611E-01 -2.6924E-01
  5.7613E-03  6.2789E-01 -2.2844E-02 -8.3157E-01
  5.7613E-03  6.2789E-01 -2.2844E-02 -8.3157E-01
  5.7613E-03  6.2789E-01 -2.2844E-02 -8.3157E-01
  5.7613E-03  6.2789E-01 -2.2844E-02 -8.3157E-01
  5.7613E-03  6.2789E-01 -2.2844E-02 -8.3157E-01
  5.7613E-03  6.2789E-01 -2.2844E-02 -8.3157E-01
  5.7613E-03  6.2789E-01 -2.2844E-02 -8.3157E-01
  5.7613E-03  6.2789E-01 -2.2844E-02 -8.3157E-01
  5.7613E-03  6.2789E-01 -2.2844E-02 -8.3157E-01
  5.7613E-03  6.2789E-01 -2.2844E-02 -8.3157E-01
  5.7613E-03  6.2789E-01 -2.2844E-02 -8.3157E-01
  5.7613E-03  6.2789E-01 -2.2844E-02 -8.3157E-01
  5.7613E-03  6.2789E-01 -2.2844E-02 -8.3157E-01
  5.7613E-03  6.2789E-01 -2.2844E-02 -8.3157E-01
  5.7613E-03  6.2789E-01 -2.2844E-02 -8.3157E-01
  5.7613E-03  6.2789E-01 -2.2844E-02 -8.3157E-01
  4.9990E-03  1.5352E+00 -1.6478E-01  6.2469E-02
  4.9990E-03  1.5352E+00 -1.6478E-01  6.2469E-02
  4.9990E-03  1.5352E+00 -1.6478E-01  6.2469E-02
  4.9990E-03  1.5352E+00 -1.6478E-01  6.2469E-02
  4.9990E-03  1.5352E+00 -1.6478E-01  6.2469E-02
  4.9990E-03  1.5352E+00 -1.6478E-01  6.2469E-02
  4.9990E-03  1.5352E+00 -1.6478E-01  6.2469E-02
  4.9990E-03  1.5352E+00 -1.6478E-01  6.2469E-02
  5.7023E-03  1.3970E+00 -3.3138E-02 -3.1871E-02
  5.7023E-03  1.3970E+00 -3.3138E-02 -3.1871E-02
  5.7023E-03  1.3970E+00 -3.3138E-02 -3.1871E-02
  5.7023E-03  1.3970E+00 -3.3138E-02 -3.1871E-02
  5.7023E-03  1.3970E+00 -3.3138E-02 -3.1871E-02
  5.7023E-03  1.3970E+00 -3.3138E-02 -3.1871E-02
  5.7023E-03  1.3970E+00 -3.3138E-02 -3.1871E-02
  5.7023E-03  1.3970E+00 -3.3138E-02 -3.1871E-02
  5.7023E-03  1.3970E+00 -3.3138E-02 -3.1871E-02
  5.7023E-03  1.3970E+00 -3.3138E-02 -3.1871E-02
  5.7023E-03  1.3970E+00 -3.3138E-02 -3.1871E-02
  5.7023E-03  1.3970E+00 -3.3138E-02 -3.1871E-02
  5.7023E-03  1.3970E+00 -3.3138E-02 -3.1871E-02
  5.7023E-03  1.3970E+00 -3.3138E-02 -3.1871E-02
  6.1021E-03  1.6634E+00  3.4618E-02  1.4269E-01
  6.1021E-03  1.6634E+00  3.4618E-02  1.4269E-01
  6.1021E-03  1.6634E+00  3.4618E-02  1.4269E-01
  6.1021E-03  1.6634E+00  3.4618E-02  1.4269E-01
  6.1021E-03  1.6634E+00  3.4618E-02  1.4269E-01
  6.1021E-03  1.6634E+00  3.4618E-02  1.4269E-01
  6.1021E-03  1.6634E+00  3.4618E-02  1.4269E-01
  6.1021E-03  1.6634E+00  3.4618E-02  1.4269E-01
  5.2479E-03  6.9436E-01 -1.1617E-01 -7.3094E-01
  5.2479E-03  6.9436E-01 -1.1617E-01 -7.3094E-01
  5.2479E-03  6.9436E-01 -1.1617E-01 -7.3094E-01
  8.3615E-03  2.0656E+00  3.4963E-01  3.5922E-01
  8.3615E-03  2.0656E+00  3.4963E-01  3.5922E-01
  8.3615E-03  2.0656E+00  3.4963E-01  3.5922E-01
  8.3615E-03  2.0656E+00  3.4963E-01  3.5922E-01
  8.3615E-03  2.0656E+00  3.4963E-01  3.5922E-01
  8.3615E-03  2.0656E+00  3.4963E-01  3.5922E-01
  8.3615E-03  2.0656E+00  3.4963E-01  3.5922E-01
  8.3615E-03  2.0656E+00  3.4963E-01  3.5922E-01
  8.3615E-03  2.0656E+00  3.4963E-01  3.5922E-01
  8.3615E-03  2.0656E+00  3.4963E-01  3.5922E-01
  8.3615E-03  2.0656E+00  3.4963E-01  3.5922E-01
  8.3615E-03  2.0656E+00  3.4963E-01  3.5922E-01
  6.7876E-03  1.1665E+00  1.4110E-01 -2.1219E-01
  6.7876E-03  1.1665E+00  1.4110E-01 -2.1219E-01
  6.7876E-03  1.1665E+00  1.4110E-01 -2.1219E-01
  6.7876E-03  1.1665E+00  1.4110E-01 -2.1219E-01
  6.7876E-03  1.1665E+00  1.4110E-01 -2.1219E-01
  6.7876E-03  1.1665E+00  1.4110E-01 -2.1219E-01
  6.7876E-03  1.1665E+00  1.4110E-01 -2.1219E-01
  6.7876E-03  1.1665E+00  1.4110E-01 -2.1219E-01
  6.7876E-03  1.1665E+00  1.4110E-01 -2.1219E-01
  6.7876E-03  1.1665E+00  1.4110E-01 -2.1219E-01
  6.7876E-03  1.1665E+00  1.4110E-01 -2.1219E-01
  6.7876E-03  1.1665E+00  1.4110E-01 -2.1219E-01
  6.7876E-03  1.1665E+00  1.4110E-01 -2.1219E-01
  6.7876E-03  1.1665E+00  1.4110E-01 -2.1219E-01
  6.7876E-03  1.1665E+00  1.4110E-01 -2.1219E-01
  4.3672E-03  9.6806E-01 -2.9989E-01 -3.9865E-01
  4.3672E-03  9.6806E-01 -2.9989E-01 -3.9865E-01
  4.3672E-03  9.6806E-01 -2.9989E-01 -3.9865E-01
  4.3672E-03  9.6806E-01 -2.9989E-01 -3.9865E-01
  4.3672E-03  9.6806E-01 -2.9989E-01 -3.9865E-01
  4.3672E-03  9.6806E-01 -2.9989E-01 -3.9865E-01
  4.3672E-03  9.6806E-01 -2.9989E-01 -3.9865E-01
  4.3672E-03  9.6806E-01 -2.9989E-01 -3.9865E-01
  4.3672E-03  9.6806E-01 -2.9989E-01 -3.9865E-01
  4.3672E-03  9.6806E-01 -2.9989E-01 -3.9865E-01
  4.3672E-03  9.6806E-01 -2.9989E-01 -3.9865E-01
  4.3672E-03  9.6806E-01 -2.9989E-01 -3.9865E-01
  4.3672E-03  9.6806E-01 -2.9989E-01 -3.9865E-01
  4.3672E-03  9.6806E-01 -2.9989E-01 -3.9865E-01
  4.3672E-03  9.6806E-01 -2.9989E-01 -3.9865E-01
  4.3672E-03  9.6806E-01 -2.9989E-01 -3.9865E-01
