TABLE NO.  1
 ID          TIME        IPRED       CWRES       G11         G21         G31         H11         G12         G22         G23         G32         G33         G34         DV          PRED        RES         WRES
  1.0000E+00  0.0000E+00  0.0000E+00  1.0712E+00 -0.0000E+00  0.0000E+00  0.0000E+00  1.0000E+00  0.0000E+00  0.0000E+00  0.0000E+00  0.0000E+00  0.0000E+00  0.0000E+00  7.4000E-01  0.0000E+00  7.4000E-01  1.0712E+00
  1.0000E+00  2.5000E-01  3.7528E+00 -1.3213E+00 -3.7528E+00 -3.5513E-02  3.0734E+00  1.0000E+00  3.7528E+00  3.5513E-02 -3.5079E-02 -3.0734E+00 -3.1221E-02  1.8837E+00  2.8400E+00  3.2256E+00 -3.8559E-01 -1.1291E+00
  1.0000E+00  5.7000E-01  6.7661E+00 -2.8390E-01 -6.7661E+00 -1.5658E-01  4.2023E+00  1.0000E+00  6.7661E+00  1.5658E-01 -1.5206E-01 -4.2023E+00 -1.1672E-01  4.6717E-01  6.5700E+00  5.7676E+00  8.0239E-01  5.5612E-02
  1.0000E+00  1.1200E+00  9.2541E+00  1.8035E+00 -9.2541E+00 -4.6694E-01  3.3618E+00  1.0000E+00  9.2541E+00  4.6694E-01 -4.3906E-01 -3.3618E+00 -2.6306E-01 -2.6507E+00  1.0500E+01  7.7861E+00  2.7139E+00  2.2617E+00
  1.0000E+00  2.0200E+00  1.0197E+01 -7.7686E-01 -1.0197E+01 -1.0543E+00  1.2200E+00  1.0000E+00  1.0197E+01  1.0543E+00 -9.3338E-01 -1.2200E+00 -3.8413E-01 -3.2521E+00  9.6600E+00  8.4195E+00  1.2405E+00 -2.5915E-01
  1.0000E+00  3.8200E+00  9.4175E+00 -1.2123E+00 -9.4175E+00 -2.1192E+00 -2.5486E-01  1.0000E+00  9.4175E+00  2.1192E+00 -1.6227E+00  2.5486E-01 -3.6623E-01 -5.0594E-01  8.5800E+00  7.5259E+00  1.0541E+00 -6.7001E-01
  1.0000E+00  5.1000E+00  8.6221E+00 -3.7937E-01 -8.6221E+00 -2.7208E+00 -3.8067E-01  1.0000E+00  8.6221E+00  2.7208E+00 -1.8426E+00  3.8067E-01 -3.0459E-01  1.9818E-01  8.3600E+00  6.7403E+00  1.6197E+00  1.7011E-01
  1.0000E+00  7.0300E+00  7.5169E+00 -6.7893E-02 -7.5169E+00 -3.4056E+00 -3.6185E-01  1.0000E+00  7.5169E+00  3.4056E+00 -1.8451E+00  3.6185E-01 -2.1689E-01  3.7372E-01  7.4700E+00  5.6862E+00  1.7838E+00  4.8742E-01
  1.0000E+00  9.0500E+00  6.5083E+00  5.5258E-01 -6.5083E+00 -3.8865E+00 -3.1542E-01  1.0000E+00  6.5083E+00  3.8865E+00 -1.5503E+00  3.1542E-01 -1.4242E-01  3.4421E-01  6.8900E+00  4.7569E+00  2.1331E+00  1.1082E+00
  1.0000E+00  1.2120E+01  5.2281E+00  1.0305E+00 -5.2281E+00 -4.2671E+00 -2.5349E-01  1.0000E+00  5.2281E+00  4.2671E+00 -7.7209E-01  2.5349E-01 -5.8889E-02  2.7805E-01  5.9400E+00  3.6267E+00  2.3133E+00  1.5759E+00
  1.0000E+00  2.4370E+01  2.1817E+00  1.5898E+00 -2.1817E+00 -3.6874E+00 -1.0578E-01  1.0000E+00  2.1817E+00  3.6874E+00  2.5499E+00  1.0578E-01  6.7875E-02  1.1604E-01  3.2800E+00  1.2287E+00  2.0513E+00  2.0128E+00
  2.0000E+00  0.0000E+00  0.0000E+00  0.0000E+00 -0.0000E+00  0.0000E+00  0.0000E+00  1.0000E+00  0.0000E+00  0.0000E+00  0.0000E+00  0.0000E+00  0.0000E+00  0.0000E+00  0.0000E+00  0.0000E+00  0.0000E+00  0.0000E+00
  2.0000E+00  2.7000E-01  4.0157E+00 -3.3232E+00 -4.0157E+00 -5.2963E-02  2.9935E+00  1.0000E+00  4.0157E+00  5.2963E-02 -5.2071E-02 -2.9935E+00 -4.3947E-02  1.3122E+00  1.7200E+00  3.4292E+00 -1.7092E+00 -3.2548E+00
  2.0000E+00  5.2000E-01  6.0961E+00  2.6257E+00 -6.0961E+00 -1.6622E-01  3.3697E+00  1.0000E+00  6.0961E+00  1.6622E-01 -1.6064E-01 -3.3697E+00 -1.1609E-01 -3.0575E-01  7.9100E+00  5.4586E+00  2.4514E+00  2.6281E+00
  2.0000E+00  1.0000E+00  7.8298E+00  6.9508E-01 -7.8298E+00 -4.6030E-01  2.2423E+00  1.0000E+00  7.8298E+00  4.6030E-01 -4.2888E-01 -2.2423E+00 -2.3248E-01 -2.6247E+00  8.3100E+00  7.5122E+00  7.9784E-01  5.6383E-01
  2.0000E+00  1.9200E+00  8.1781E+00  2.1987E-01 -8.1781E+00 -1.0706E+00  3.7249E-01  1.0000E+00  8.1781E+00  1.0706E+00 -9.1928E-01 -3.7249E-01 -3.0538E-01 -1.8724E+00  8.3300E+00  8.4238E+00 -9.3772E-02  6.6713E-02
  2.0000E+00  3.5000E+00  7.2522E+00 -5.8227E-01 -7.2522E+00 -1.9513E+00 -2.7728E-01  1.0000E+00  7.2522E+00  1.9513E+00 -1.4121E+00  2.7728E-01 -2.5293E-01  3.2222E-02  6.8500E+00  7.7259E+00 -8.7593E-01 -6.2590E-01
  2.0000E+00  5.0200E+00  6.3334E+00 -3.6680E-01 -6.3334E+00 -2.5662E+00 -2.8398E-01  1.0000E+00  6.3334E+00  2.5662E+00 -1.5135E+00  2.8398E-01 -1.8369E-01  2.8303E-01  6.0800E+00  6.7877E+00 -7.0767E-01 -3.7846E-01
  2.0000E+00  7.0300E+00  5.2883E+00  1.6165E-01 -5.2883E+00 -3.0965E+00 -2.3971E-01  1.0000E+00  5.2883E+00  3.0965E+00 -1.2725E+00  2.3971E-01 -1.1025E-01  2.6058E-01  5.4000E+00  5.6862E+00 -2.8618E-01  1.5571E-01
  2.0000E+00  9.0000E+00  4.4314E+00  1.7171E-01 -4.4314E+00 -3.3782E+00 -2.0093E-01  1.0000E+00  4.4314E+00  3.3782E+00 -7.9377E-01  2.0093E-01 -5.6864E-02  2.1912E-01  4.5500E+00  4.7779E+00 -2.2792E-01  1.6624E-01
  2.0000E+00  1.2000E+01  3.3854E+00 -5.4349E-01 -3.3854E+00 -3.4923E+00 -1.5350E-01  1.0000E+00  3.3854E+00  3.4923E+00  1.1718E-01  1.5350E-01 -2.1156E-03  1.6742E-01  3.0100E+00  3.6654E+00 -6.5540E-01 -5.4855E-01
  2.0000E+00  2.4300E+01  1.1226E+00 -3.2225E-01 -1.1226E+00 -2.3972E+00 -5.0902E-02  1.0000E+00  1.1226E+00  2.3972E+00  2.7241E+00  5.0902E-02  5.5485E-02  5.5518E-02  9.0000E-01  1.2363E+00 -3.3635E-01 -3.2489E-01
  3.0000E+00  0.0000E+00  0.0000E+00  0.0000E+00 -0.0000E+00  0.0000E+00  0.0000E+00  1.0000E+00  0.0000E+00  0.0000E+00  0.0000E+00  0.0000E+00  0.0000E+00  0.0000E+00  0.0000E+00  0.0000E+00  0.0000E+00  0.0000E+00
  3.0000E+00  2.7000E-01  4.3585E+00  6.0137E-02 -4.3585E+00 -5.6314E-02  3.1466E+00  1.0000E+00  4.3585E+00  5.6314E-02 -5.5389E-02 -3.1466E+00 -4.5835E-02  1.1957E+00  4.4000E+00  3.4292E+00  9.7076E-01  4.8497E-01
  3.0000E+00  5.8000E-01  6.8300E+00  1.0127E-01 -6.8300E+00 -2.0831E-01  3.2417E+00  1.0000E+00  6.8300E+00  2.0831E-01 -2.0061E-01 -3.2417E+00 -1.3407E-01 -1.1270E+00  6.9000E+00  5.8261E+00  1.0739E+00  4.3623E-01
  3.0000E+00  1.0200E+00  8.1543E+00  6.6106E-02 -8.1543E+00 -4.8763E-01  1.9378E+00  1.0000E+00  8.1543E+00  4.8763E-01 -4.5422E-01 -1.9378E+00 -2.2725E-01 -2.8371E+00  8.2000E+00  7.5628E+00  6.3719E-01  1.1371E-01
  3.0000E+00  2.0200E+00  8.2646E+00 -6.7248E-01 -8.2646E+00 -1.1444E+00  1.2838E-01  1.0000E+00  8.2646E+00  1.1444E+00 -9.7603E-01 -1.2838E-01 -2.7734E-01 -1.3310E+00  7.8000E+00  8.4195E+00 -6.1947E-01 -8.5528E-01
  3.0000E+00  3.6200E+00  7.2724E+00  3.2946E-01 -7.2724E+00 -2.0065E+00 -2.6732E-01  1.0000E+00  7.2724E+00  2.0065E+00 -1.4417E+00  2.6732E-01 -2.1949E-01  1.5592E-01  7.5000E+00  7.6512E+00 -1.5122E-01  2.2741E-01
  3.0000E+00  5.0800E+00  6.4057E+00 -2.9783E-01 -6.4057E+00 -2.5817E+00 -2.5304E-01  1.0000E+00  6.4057E+00  2.5817E+00 -1.5311E+00  2.5304E-01 -1.6172E-01  2.6296E-01  6.2000E+00  6.7521E+00 -5.5210E-01 -3.5586E-01
  3.0000E+00  7.0700E+00  5.3859E+00 -1.2441E-01 -5.3859E+00 -3.1047E+00 -2.1363E-01  1.0000E+00  5.3859E+00  3.1047E+00 -1.3065E+00  2.1363E-01 -9.8965E-02  2.3036E-01  5.3000E+00  5.6661E+00 -3.6613E-01 -1.5919E-01
  3.0000E+00  9.0000E+00  4.5522E+00  5.0351E-01 -4.5522E+00 -3.3897E+00 -1.8057E-01  1.0000E+00  4.5522E+00  3.3897E+00 -8.5846E-01  1.8057E-01 -5.3275E-02  1.9489E-01  4.9000E+00  4.7779E+00  1.2208E-01  4.8199E-01
  3.0000E+00  1.2150E+01  3.4594E+00  3.4826E-01 -3.4594E+00 -3.5256E+00 -1.3722E-01  1.0000E+00  3.4594E+00  3.5256E+00  7.2896E-02  1.3722E-01 -2.8179E-03  1.4811E-01  3.7000E+00  3.6171E+00  8.2856E-02  3.4126E-01
  3.0000E+00  2.4170E+01  1.2136E+00 -2.3689E-01 -1.2136E+00 -2.5081E+00 -4.8142E-02  1.0000E+00  1.2136E+00  2.5081E+00  2.6771E+00  4.8142E-02  4.9438E-02  5.1961E-02  1.0500E+00  1.2506E+00 -2.0063E-01 -2.2684E-01
  4.0000E+00  0.0000E+00  0.0000E+00  0.0000E+00 -0.0000E+00  0.0000E+00  0.0000E+00  1.0000E+00  0.0000E+00  0.0000E+00  0.0000E+00  0.0000E+00  0.0000E+00  0.0000E+00  0.0000E+00  0.0000E+00  0.0000E+00  0.0000E+00
  4.0000E+00  3.5000E-01  3.4275E+00 -2.2256E+00 -3.4275E+00 -5.6768E-02  2.7690E+00  1.0000E+00  3.4275E+00  5.6768E-02 -5.5553E-02 -2.7690E+00 -4.9486E-02  1.6262E+00  1.8900E+00  4.1772E+00 -2.2872E+00 -2.1709E+00
  4.0000E+00  6.0000E-01  5.0773E+00 -6.9091E-01 -5.0773E+00 -1.5020E-01  3.4845E+00  1.0000E+00  5.0773E+00  1.5020E-01 -1.4457E-01 -3.4845E+00 -1.1864E-01  1.0033E+00  4.6000E+00  5.9401E+00 -1.3401E+00 -7.0576E-01
  4.0000E+00  1.0700E+00  6.9921E+00  2.3276E+00 -6.9921E+00 -3.9597E-01  3.4370E+00  1.0000E+00  6.9921E+00  3.9597E-01 -3.6859E-01 -3.4370E+00 -2.5980E-01 -1.0081E+00  8.6000E+00  7.6805E+00  9.1952E-01  2.1850E+00
  4.0000E+00  2.1300E+00  8.3501E+00  4.3313E-02 -8.3501E+00 -1.0721E+00  1.6199E+00  1.0000E+00  8.3501E+00  1.0721E+00 -9.1491E-01 -1.6199E+00 -4.6531E-01 -3.0297E+00  8.3800E+00  8.4031E+00 -2.3050E-02 -1.1398E-01
  4.0000E+00  3.5000E+00  8.0237E+00 -7.0021E-01 -8.0237E+00 -1.8983E+00  1.0142E-01  1.0000E+00  8.0237E+00  1.8983E+00 -1.4134E+00 -1.0142E-01 -4.9540E-01 -1.7174E+00  7.5400E+00  7.7259E+00 -1.8593E-01 -7.1655E-01
  4.0000E+00  5.0200E+00  7.1390E+00 -3.7489E-01 -7.1390E+00 -2.6177E+00 -4.0314E-01  1.0000E+00  7.1390E+00  2.6177E+00 -1.6158E+00  4.0314E-01 -4.0498E-01 -2.4465E-01  6.8800E+00  6.7877E+00  9.2328E-02 -3.2067E-01
  4.0000E+00  7.0200E+00  5.9977E+00 -3.1511E-01 -5.9977E+00 -3.2573E+00 -4.6854E-01  1.0000E+00  5.9977E+00  3.2573E+00 -1.4489E+00  4.6854E-01 -2.6389E-01  3.9186E-01  5.7800E+00  5.6912E+00  8.8791E-02 -2.4777E-01
  4.0000E+00  9.0200E+00  5.0216E+00  4.4645E-01 -5.0216E+00 -3.6201E+00 -4.0992E-01  1.0000E+00  5.0216E+00  3.6201E+00 -9.7659E-01  4.0992E-01 -1.4897E-01  4.5124E-01  5.3300E+00  4.7695E+00  5.6052E-01  5.0775E-01
  4.0000E+00  1.1980E+01  3.8584E+00  4.7997E-01 -3.8584E+00 -3.7982E+00 -3.1718E-01  1.0000E+00  3.8584E+00  3.7982E+00 -3.3185E-02  3.1718E-01 -3.1036E-02  3.6784E-01  4.1900E+00  3.6719E+00  5.1811E-01  5.3023E-01
  4.0000E+00  2.4650E+01  1.2488E+00 -1.4305E-01 -1.2488E+00 -2.6381E+00 -1.0270E-01  1.0000E+00  1.2488E+00  2.6381E+00  2.9432E+00  1.0270E-01  1.0580E-01  1.1959E-01  1.1500E+00  1.1987E+00 -4.8698E-02 -1.2265E-01
  5.0000E+00  0.0000E+00  0.0000E+00  0.0000E+00 -0.0000E+00  0.0000E+00  0.0000E+00  1.0000E+00  0.0000E+00  0.0000E+00  0.0000E+00  0.0000E+00  0.0000E+00  0.0000E+00  0.0000E+00  0.0000E+00  0.0000E+00  0.0000E+00
  5.0000E+00  3.0000E-01  4.1760E+00 -3.1210E+00 -4.1760E+00 -5.1681E-02  3.2548E+00  1.0000E+00  4.1760E+00  5.1681E-02 -5.0859E-02 -3.2548E+00 -4.4063E-02  1.6939E+00  2.0200E+00  3.7219E+00 -1.7019E+00 -2.9728E+00
  5.0000E+00  5.2000E-01  6.1294E+00 -7.2295E-01 -6.1294E+00 -1.3814E-01  3.9236E+00  1.0000E+00  6.1294E+00  1.3814E-01 -1.3424E-01 -3.9236E+00 -1.0477E-01  6.4465E-01  5.6300E+00  5.4586E+00  1.7137E-01 -5.1165E-01
  5.0000E+00  1.0000E+00  8.4561E+00  4.2615E+00 -8.4561E+00 -4.0325E-01  3.3660E+00  1.0000E+00  8.4561E+00  4.0325E-01 -3.8031E-01 -3.3660E+00 -2.3749E-01 -2.1543E+00  1.1400E+01  7.5122E+00  3.8878E+00  4.5404E+00
  5.0000E+00  2.0200E+00  9.5546E+00 -3.2512E-01 -9.5546E+00 -1.0695E+00  1.0288E+00  1.0000E+00  9.5546E+00  1.0695E+00 -9.3711E-01 -1.0288E+00 -3.7781E-01 -2.9688E+00  9.3300E+00  8.4195E+00  9.1053E-01 -1.4942E-02
  5.0000E+00  3.5000E+00  8.9047E+00 -2.3838E-01 -8.9047E+00 -1.9518E+00 -2.0227E-01  1.0000E+00  8.9047E+00  1.9518E+00 -1.5044E+00  2.0227E-01 -3.6255E-01 -6.6532E-01  8.7400E+00  7.7259E+00  1.0141E+00  7.5927E-02
  5.0000E+00  5.0200E+00  7.9604E+00 -5.7956E-01 -7.9604E+00 -2.6639E+00 -3.7154E-01  1.0000E+00  7.9604E+00  2.6639E+00 -1.7526E+00  3.7154E-01 -2.8720E-01  2.1877E-01  7.5600E+00  6.7877E+00  7.7233E-01 -2.6303E-01
  5.0000E+00  7.0200E+00  6.8313E+00  3.7447E-01 -6.8313E+00 -3.3330E+00 -3.4430E-01  1.0000E+00  6.8313E+00  3.3330E+00 -1.6893E+00  3.4430E-01 -1.9471E-01  3.6225E-01  7.0900E+00  5.6912E+00  1.3988E+00  6.9127E-01
  5.0000E+00  9.1000E+00  5.8239E+00  1.1017E-01 -5.8239E+00 -3.7707E+00 -2.9501E-01  1.0000E+00  5.8239E+00  3.7707E+00 -1.3144E+00  2.9501E-01 -1.1898E-01  3.2382E-01  5.9000E+00  4.7359E+00  1.1641E+00  4.2326E-01
  5.0000E+00  1.2000E+01  4.6622E+00 -4.2300E-01 -4.6622E+00 -4.0558E+00 -2.3623E-01  1.0000E+00  4.6622E+00  4.0558E+00 -5.1556E-01  2.3623E-01 -4.2697E-02  2.6016E-01  4.3700E+00  3.6654E+00  7.0460E-01 -1.2088E-01
  5.0000E+00  2.4350E+01  1.8077E+00 -3.4404E-01 -1.8077E+00 -3.2852E+00 -9.1595E-02  1.0000E+00  1.8077E+00  3.2852E+00  2.6899E+00  9.1595E-02  7.0227E-02  1.0088E-01  1.5700E+00  1.2309E+00  3.3910E-01 -1.2704E-01
  6.0000E+00  0.0000E+00  0.0000E+00  0.0000E+00 -0.0000E+00  0.0000E+00  0.0000E+00  1.0000E+00  0.0000E+00  0.0000E+00  0.0000E+00  0.0000E+00  0.0000E+00  0.0000E+00  0.0000E+00  0.0000E+00  0.0000E+00  0.0000E+00
  6.0000E+00  2.7000E-01  2.1046E+00 -1.1791E+00 -2.1046E+00 -3.4112E-02  1.8165E+00  1.0000E+00  2.1046E+00  3.4112E-02 -3.3390E-02 -1.8165E+00 -3.0997E-02  1.2941E+00  1.2900E+00  3.4292E+00 -2.1392E+00 -1.3224E+00
  6.0000E+00  5.8000E-01  3.8057E+00 -1.0505E+00 -3.8057E+00 -1.3865E-01  2.7432E+00  1.0000E+00  3.8057E+00  1.3865E-01 -1.3221E-01 -2.7432E+00 -1.1276E-01  1.0327E+00  3.0800E+00  5.8261E+00 -2.7461E+00 -1.4307E+00
  6.0000E+00  1.1500E+00  5.5988E+00  1.2178E+00 -5.5988E+00 -4.3657E-01  2.7949E+00  1.0000E+00  5.5988E+00  4.3657E-01 -3.9481E-01 -2.7949E+00 -2.8895E-01 -7.5582E-01  6.4400E+00  7.8442E+00 -1.4042E+00  5.4837E-01
  6.0000E+00  2.0300E+00  6.5153E+00 -2.8265E-01 -6.5153E+00 -9.9116E-01  1.6231E+00  1.0000E+00  6.5153E+00  9.9116E-01 -8.1544E-01 -1.6231E+00 -4.7616E-01 -2.3805E+00  6.3200E+00  8.4185E+00 -2.0985E+00 -9.8314E-01
  6.0000E+00  3.5700E+00  6.1783E+00 -9.3839E-01 -6.1783E+00 -1.8769E+00  7.8704E-02  1.0000E+00  6.1783E+00  1.8769E+00 -1.2532E+00 -7.8704E-02 -5.1542E-01 -1.5803E+00  5.5300E+00  7.6824E+00 -2.1524E+00 -1.4147E+00
  6.0000E+00  5.0000E+00  5.3784E+00 -6.3468E-01 -5.3784E+00 -2.4688E+00 -3.9987E-01  1.0000E+00  5.3784E+00  2.4688E+00 -1.2717E+00  3.9987E-01 -4.0396E-01 -3.4783E-01  4.9400E+00  6.7996E+00 -1.8596E+00 -1.0106E+00
  6.0000E+00  7.0000E+00  4.3045E+00 -4.1184E-01 -4.3045E+00 -2.9498E+00 -4.8218E-01  1.0000E+00  4.3045E+00  2.9498E+00 -8.6802E-01  4.8218E-01 -2.2421E-01  3.6596E-01  4.0200E+00  5.7013E+00 -1.6813E+00 -7.4571E-01
  6.0000E+00  9.2200E+00  3.3373E+00  1.7766E-01 -3.3373E+00 -3.1372E+00 -4.0192E-01  1.0000E+00  3.3373E+00  3.1372E+00 -1.3895E-01  4.0192E-01 -7.3476E-02  4.5791E-01  3.4600E+00  4.6859E+00 -1.2259E+00 -1.2392E-01
  6.0000E+00  1.2100E+01  2.3955E+00  5.5658E-01 -2.3955E+00 -3.0462E+00 -2.9206E-01  1.0000E+00  2.3955E+00  3.0462E+00  8.6301E-01  2.9206E-01  4.3769E-02  3.5971E-01  2.7800E+00  3.6332E+00 -8.5316E-01  3.1029E-01
  6.0000E+00  2.3850E+01  6.1895E-01  4.3580E-01 -6.1895E-01 -1.6247E+00 -7.5549E-02  1.0000E+00  6.1895E-01  1.6247E+00  2.6493E+00  7.5549E-02  1.1354E-01  9.3992E-02  9.2000E-01  1.2865E+00 -3.6649E-01  4.0018E-01
  7.0000E+00  0.0000E+00  0.0000E+00  2.1714E-01 -0.0000E+00  0.0000E+00  0.0000E+00  1.0000E+00  0.0000E+00  0.0000E+00  0.0000E+00  0.0000E+00  0.0000E+00  0.0000E+00  1.5000E-01  0.0000E+00  1.5000E-01  2.1714E-01
  7.0000E+00  2.5000E-01  1.5701E+00 -1.0424E+00 -1.5701E+00 -2.0727E-02  1.4366E+00  1.0000E+00  1.5701E+00  2.0727E-02 -2.0366E-02 -1.4366E+00 -1.9552E-02  1.1850E+00  8.5000E-01  3.2256E+00 -2.3756E+00 -9.4219E-01
  7.0000E+00  5.0000E-01  2.8491E+00 -7.2242E-01 -2.8491E+00 -7.7033E-02  2.3769E+00  1.0000E+00  2.8491E+00  7.7033E-02 -7.4322E-02 -2.3769E+00 -6.8513E-02  1.5396E+00  2.3500E+00  5.3271E+00 -2.9771E+00 -9.6099E-01
  7.0000E+00  1.0200E+00  4.7751E+00  3.5455E-01 -4.7751E+00 -2.7617E-01  3.2473E+00  1.0000E+00  4.7751E+00  2.7617E-01 -2.5588E-01 -3.2473E+00 -2.1703E-01  8.7822E-01  5.0200E+00  7.5628E+00 -2.5428E+00 -7.0421E-01
  7.0000E+00  2.0200E+00  6.6231E+00 -6.2412E-02 -6.6231E+00 -8.2411E-01  2.8698E+00  1.0000E+00  6.6231E+00  8.2411E-01 -6.9928E-01 -2.8698E+00 -5.0791E-01 -1.4892E+00  6.5800E+00  8.4195E+00 -1.8395E+00 -1.4333E+00
  7.0000E+00  3.4800E+00  7.1215E+00 -4.5535E-02 -7.1215E+00 -1.6887E+00  1.2659E+00  1.0000E+00  7.1215E+00  1.6887E+00 -1.2258E+00 -1.2659E+00 -7.2252E-01 -2.7725E+00  7.0900E+00  7.7383E+00 -6.4833E-01 -5.7416E-01
  7.0000E+00  5.0000E+00  6.6129E+00  6.8130E-02 -6.6129E+00 -2.4448E+00  9.8119E-02  1.0000E+00  6.6129E+00  2.4448E+00 -1.4420E+00 -9.8119E-02 -7.0573E-01 -1.9831E+00  6.6600E+00  6.7996E+00 -1.3956E-01  1.3293E-01
  7.0000E+00  6.9800E+00  5.5937E+00 -4.9752E-01 -5.5937E+00 -3.1183E+00 -5.3312E-01  1.0000E+00  5.5937E+00  3.1183E+00 -1.2589E+00  5.3312E-01 -5.2166E-01 -5.3467E-01  5.2500E+00  5.7113E+00 -4.6135E-01 -2.1226E-01
  7.0000E+00  9.0000E+00  4.5934E+00 -2.9442E-01 -4.5934E+00 -3.4842E+00 -6.5879E-01  1.0000E+00  4.5934E+00  3.4842E+00 -7.2219E-01  6.5879E-01 -3.0656E-01  2.9847E-01  4.3900E+00  4.7779E+00 -3.8792E-01 -1.4096E-02
  7.0000E+00  1.2050E+01  3.3679E+00  2.3466E-01 -3.3679E+00 -3.6016E+00 -5.6201E-01  1.0000E+00  3.3679E+00  3.6016E+00  3.4712E-01  5.6201E-01 -5.6931E-02  6.1621E-01  3.5300E+00  3.6492E+00 -1.1925E-01  4.3881E-01
  7.0000E+00  2.4220E+01  9.6164E-01  2.7267E-01 -9.6164E-01 -2.2335E+00 -1.6673E-01  1.0000E+00  9.6164E-01  2.2335E+00  2.9829E+00  1.6673E-01  1.9162E-01  2.2442E-01  1.1500E+00  1.2451E+00 -9.5116E-02  3.3420E-01
  8.0000E+00  0.0000E+00  0.0000E+00  0.0000E+00 -0.0000E+00  0.0000E+00  0.0000E+00  1.0000E+00  0.0000E+00  0.0000E+00  0.0000E+00  0.0000E+00  0.0000E+00  0.0000E+00  0.0000E+00  0.0000E+00  0.0000E+00  0.0000E+00
  8.0000E+00  2.5000E-01  2.5888E+00  6.6769E-01 -2.5888E+00 -3.3746E-02  2.1851E+00  1.0000E+00  2.5888E+00  3.3746E-02 -3.3174E-02 -2.1851E+00 -3.0234E-02  1.4638E+00  3.0500E+00  3.2256E+00 -1.7559E-01  5.4639E-01
  8.0000E+00  5.2000E-01  4.5064E+00 -2.1083E+00 -4.5064E+00 -1.2847E-01  3.1280E+00  1.0000E+00  4.5064E+00  1.2847E-01 -1.2383E-01 -3.1280E+00 -1.0216E-01  9.6461E-01  3.0500E+00  5.4586E+00 -2.4086E+00 -2.3247E+00
  8.0000E+00  9.8000E-01  6.3980E+00  1.3201E+00 -6.3980E+00 -3.7154E-01  3.0775E+00  1.0000E+00  6.3980E+00  3.7154E-01 -3.4526E-01 -3.0775E+00 -2.4102E-01 -1.0156E+00  7.3100E+00  7.4594E+00 -1.4937E-01  1.0238E+00
  8.0000E+00  2.0200E+00  7.5793E+00 -2.8000E-02 -7.5793E+00 -1.0434E+00  1.2731E+00  1.0000E+00  7.5793E+00  1.0434E+00 -8.8048E-01 -1.2731E+00 -4.3013E-01 -2.7190E+00  7.5600E+00  8.4195E+00 -8.5947E-01 -3.0841E-01
  8.0000E+00  3.5300E+00  7.0400E+00 -6.5148E-01 -7.0400E+00 -1.9259E+00 -1.2053E-01  1.0000E+00  7.0400E+00  1.9259E+00 -1.3642E+00  1.2053E-01 -4.2783E-01 -1.0596E+00  6.5900E+00  7.7073E+00 -1.1173E+00 -8.5828E-01
  8.0000E+00  5.0500E+00  6.1251E+00 -3.5476E-01 -6.1251E+00 -2.5766E+00 -4.1228E-01  1.0000E+00  6.1251E+00  2.5766E+00 -1.4552E+00  4.1228E-01 -3.2371E-01  7.0298E-02  5.8800E+00  6.7699E+00 -8.8987E-01 -5.3918E-01
  8.0000E+00  7.1500E+00  4.9825E+00 -3.6549E-01 -4.9825E+00 -3.1298E+00 -3.9930E-01  1.0000E+00  4.9825E+00  3.1298E+00 -1.1309E+00  3.9930E-01 -1.8405E-01  4.0599E-01  4.7300E+00  5.6262E+00 -8.9624E-01 -5.4309E-01
  8.0000E+00  9.0700E+00  4.1185E+00  6.5360E-01 -4.1185E+00 -3.3716E+00 -3.3580E-01  1.0000E+00  4.1185E+00  3.3716E+00 -5.8398E-01  3.3580E-01 -8.8488E-02  3.8269E-01  4.5700E+00  4.7485E+00 -1.7846E-01  4.8358E-01
  8.0000E+00  1.2100E+01  3.0487E+00 -7.0507E-02 -3.0487E+00 -3.4128E+00 -2.4915E-01  1.0000E+00  3.0487E+00  3.4128E+00  4.2792E-01  2.4915E-01  9.3929E-03  2.8960E-01  3.0000E+00  3.6332E+00 -6.3316E-01 -2.2145E-01
  8.0000E+00  2.4120E+01  9.2451E-01  4.7117E-01 -9.2451E-01 -2.1380E+00 -7.5560E-02  1.0000E+00  9.2451E-01  2.1380E+00  2.8126E+00  7.5560E-02  9.3007E-02  8.7912E-02  1.2500E+00  1.2562E+00 -6.1664E-03  4.0623E-01
  9.0000E+00  0.0000E+00  0.0000E+00  0.0000E+00 -0.0000E+00  0.0000E+00  0.0000E+00  1.0000E+00  0.0000E+00  0.0000E+00  0.0000E+00  0.0000E+00  0.0000E+00  0.0000E+00  0.0000E+00  0.0000E+00  0.0000E+00  0.0000E+00
  9.0000E+00  3.0000E-01  6.9564E+00  5.9879E-01 -6.9564E+00 -1.1789E-01  2.2910E+00  1.0000E+00  6.9564E+00  1.1789E-01 -1.1555E-01 -2.2910E+00 -6.3245E-02 -2.1305E+00  7.3700E+00  3.7219E+00  3.6481E+00  2.8075E+00
  9.0000E+00  6.3000E-01  7.8224E+00  1.7481E+00 -7.8224E+00 -3.2916E-01  5.0726E-01  1.0000E+00  7.8224E+00  3.2916E-01 -3.1427E-01 -5.0726E-01 -9.7159E-02 -1.7552E+00  9.0300E+00  6.1033E+00  2.9267E+00  1.5753E+00
  9.0000E+00  1.0500E+00  7.6789E+00 -7.8016E-01 -7.6789E+00 -5.9688E-01 -3.5587E-02  1.0000E+00  7.6789E+00  5.9688E-01 -5.4909E-01  3.5587E-02 -9.8991E-02 -2.9607E-01  7.1400E+00  7.6349E+00 -4.9491E-01 -2.3057E+00
  9.0000E+00  2.0200E+00  7.0662E+00 -1.0658E+00 -7.0662E+00 -1.1457E+00 -9.7987E-02  1.0000E+00  7.0662E+00  1.1457E+00 -9.5860E-01  9.7987E-02 -8.3704E-02  9.7587E-02  6.3300E+00  8.4195E+00 -2.0895E+00 -2.1458E+00
  9.0000E+00  3.5300E+00  6.1949E+00 -7.7436E-01 -6.1949E+00 -1.8197E+00 -8.6158E-02  1.0000E+00  6.1949E+00  1.8197E+00 -1.2840E+00  8.6158E-02 -6.2048E-02  8.8553E-02  5.6600E+00  7.7073E+00 -2.0473E+00 -9.1111E-01
  9.0000E+00  5.0200E+00  5.4405E+00  3.3219E-01 -5.4405E+00 -2.3046E+00 -7.5665E-02  1.0000E+00  5.4405E+00  2.3046E+00 -1.3273E+00  7.5665E-02 -4.4666E-02  7.7770E-02  5.6700E+00  6.7877E+00 -1.1177E+00  4.3997E-01
  9.0000E+00  7.1700E+00  4.5109E+00 -3.9214E-01 -4.5109E+00 -2.7561E+00 -6.2736E-02  1.0000E+00  4.5109E+00  2.7561E+00 -1.0713E+00  6.2736E-02 -2.5278E-02  6.4481E-02  4.2400E+00  5.6163E+00 -1.3763E+00 -1.8660E-01
  9.0000E+00  8.8000E+00  3.9135E+00  2.8443E-01 -3.9135E+00 -2.9470E+00 -5.4428E-02  1.0000E+00  3.9135E+00  2.9470E+00 -7.2705E-01  5.4428E-02 -1.4199E-02  5.5942E-02  4.1100E+00  4.8631E+00 -7.5310E-01  5.2502E-01
  9.0000E+00  1.1600E+01  3.0661E+00  1.3592E-01 -3.0661E+00 -3.0571E+00 -4.2643E-02  1.0000E+00  3.0661E+00  3.0571E+00 -8.3782E-03  4.2643E-02 -7.1820E-04  4.3829E-02  3.1600E+00  3.7973E+00 -6.3726E-01  4.0643E-01
  9.0000E+00  2.4430E+01  1.0022E+00  1.7047E-01 -1.0022E+00 -2.1200E+00 -1.3939E-02  1.0000E+00  1.0022E+00  2.1200E+00  2.3645E+00  1.3939E-02  1.5351E-02  1.4327E-02  1.1200E+00  1.2222E+00 -1.0223E-01  3.7947E-01
  1.0000E+01  0.0000E+00  0.0000E+00  3.4742E-01 -0.0000E+00  0.0000E+00  0.0000E+00  1.0000E+00  0.0000E+00  0.0000E+00  0.0000E+00  0.0000E+00  0.0000E+00  0.0000E+00  2.4000E-01  0.0000E+00  2.4000E-01  3.4742E-01
  1.0000E+01  3.7000E-01  2.8279E+00  8.9933E-02 -2.8279E+00 -4.1407E-02  2.4753E+00  1.0000E+00  2.8279E+00  4.1407E-02 -4.0613E-02 -2.4753E+00 -3.7963E-02  1.8298E+00  2.8900E+00  4.3485E+00 -1.4585E+00  1.5670E-01
  1.0000E+01  7.7000E-01  5.0752E+00  2.0958E-01 -5.0752E+00 -1.6081E-01  3.8149E+00  1.0000E+00  5.0752E+00  1.6081E-01 -1.5428E-01 -3.8149E+00 -1.3412E-01  1.7291E+00  5.2200E+00  6.7563E+00 -1.5363E+00 -3.9045E-01
  1.0000E+01  1.0200E+00  6.1449E+00  3.8371E-01 -6.1449E+00 -2.6405E-01  4.1798E+00  1.0000E+00  6.1449E+00  2.6405E-01 -2.4967E-01 -4.1798E+00 -2.0750E-01  1.1347E+00  6.4100E+00  7.5628E+00 -1.1528E+00 -5.6881E-01
  1.0000E+01  2.0500E+00  8.7057E+00 -1.2677E+00 -8.7057E+00 -8.2144E-01  3.7506E+00  1.0000E+00  8.7057E+00  8.2144E-01 -7.2758E-01 -3.7506E+00 -5.0424E-01 -1.9564E+00  7.8300E+00  8.4161E+00 -5.8612E-01 -2.3537E+00
  1.0000E+01  3.5500E+00  9.5823E+00  9.0870E-01 -9.5823E+00 -1.7403E+00  1.7432E+00  1.0000E+00  9.5823E+00  1.7403E+00 -1.3778E+00 -1.7432E+00 -7.4397E-01 -3.5911E+00  1.0210E+01  7.6949E+00  2.5151E+00  1.0330E+00
  1.0000E+01  5.0500E+00  9.1820E+00 -2.8987E-03 -9.1820E+00 -2.5713E+00  3.2739E-01  1.0000E+00  9.1820E+00  2.5713E+00 -1.7779E+00 -3.2739E-01 -7.6648E-01 -2.6364E+00  9.1800E+00  6.7699E+00  2.4101E+00  8.8745E-01
  1.0000E+01  7.0800E+00  8.1176E+00 -1.4128E-01 -8.1176E+00 -3.4432E+00 -5.0119E-01  1.0000E+00  8.1176E+00  3.4432E+00 -1.8910E+00  5.0119E-01 -6.3135E-01 -8.2557E-01  8.0200E+00  5.6611E+00  2.3589E+00  1.0636E+00
  1.0000E+01  9.3800E+00  6.8754E+00  3.8299E-01 -6.8754E+00 -4.0905E+00 -7.0949E-01  1.0000E+00  6.8754E+00  4.0905E+00 -1.5646E+00  7.0949E-01 -4.2627E-01  2.9139E-01  7.1400E+00  4.6202E+00  2.5198E+00  1.5872E+00
  1.0000E+01  1.2100E+01  5.6012E+00  1.1404E-01 -5.6012E+00 -4.4848E+00 -6.5850E-01  1.0000E+00  5.6012E+00  4.4848E+00 -8.1303E-01  6.5850E-01 -2.1651E-01  6.5864E-01  5.6800E+00  3.6332E+00  2.0468E+00  1.2120E+00
  1.0000E+01  2.3700E+01  2.3150E+00  1.5195E-01 -2.3150E+00 -3.8992E+00 -2.8239E-01  1.0000E+00  2.3150E+00  3.8992E+00  2.7026E+00  2.8239E-01  1.5880E-01  3.5107E-01  2.4200E+00  1.3037E+00  1.1163E+00  7.8795E-01
  1.1000E+01  0.0000E+00  0.0000E+00  0.0000E+00 -0.0000E+00  0.0000E+00  0.0000E+00  1.0000E+00  0.0000E+00  0.0000E+00  0.0000E+00  0.0000E+00  0.0000E+00  0.0000E+00  0.0000E+00  0.0000E+00  0.0000E+00  0.0000E+00
  1.1000E+01  2.5000E-01  4.9861E+00 -1.8259E-01 -4.9861E+00 -6.7637E-02  3.0363E+00  1.0000E+00  4.9861E+00  6.7637E-02 -6.6496E-02 -3.0363E+00 -4.9850E-02  2.3485E-01  4.8600E+00  3.2256E+00  1.6344E+00  7.9612E-01
  1.1000E+01  5.0000E-01  6.8630E+00  5.4570E-01 -6.8630E+00 -2.0829E-01  2.3516E+00  1.0000E+00  6.8630E+00  2.0829E-01 -2.0087E-01 -2.3516E+00 -1.1397E-01 -2.0546E+00  7.2400E+00  5.3271E+00  1.9129E+00  9.0704E-01
  1.1000E+01  9.8000E-01  7.6410E+00  5.1973E-01 -7.6410E+00 -5.2819E-01  6.5171E-01  1.0000E+00  7.6410E+00  5.2819E-01 -4.8842E-01 -6.5171E-01 -1.7112E-01 -2.0475E+00  8.0000E+00  7.4594E+00  5.4063E-01 -2.5905E-01
  1.1000E+01  1.9800E+00  7.1613E+00 -5.0847E-01 -7.1613E+00 -1.1531E+00 -1.4558E-01  1.0000E+00  7.1613E+00  1.1531E+00 -9.6262E-01  1.4558E-01 -1.6298E-01 -7.8646E-02  6.8100E+00  8.4225E+00 -1.6125E+00 -1.3557E+00
  1.1000E+01  3.6000E+00  6.1487E+00 -4.0350E-01 -6.1487E+00 -1.9316E+00 -1.6264E-01  1.0000E+00  6.1487E+00  1.9316E+00 -1.3205E+00  1.6264E-01 -1.1600E-01  1.6889E-01  5.8700E+00  7.6637E+00 -1.7937E+00 -6.6240E-01
  1.1000E+01  5.0200E+00  5.3757E+00 -2.2540E-01 -5.3757E+00 -2.4110E+00 -1.4237E-01  1.0000E+00  5.3757E+00  2.4110E+00 -1.3259E+00  1.4237E-01 -8.2291E-02  1.4989E-01  5.2200E+00  6.7877E+00 -1.5677E+00 -3.4344E-01
  1.1000E+01  7.0300E+00  4.4447E+00  7.7127E-03 -4.4447E+00 -2.8388E+00 -1.1772E-01  1.0000E+00  4.4447E+00  2.8388E+00 -1.0226E+00  1.1772E-01 -4.5650E-02  1.2395E-01  4.4500E+00  5.6862E+00 -1.2362E+00 -5.2597E-02
  1.1000E+01  9.0300E+00  3.6784E+00 -8.4484E-02 -3.6784E+00 -3.0454E+00 -9.7422E-02  1.0000E+00  3.6784E+00  3.0454E+00 -5.2145E-01  9.7422E-02 -1.9344E-02  1.0258E-01  3.6200E+00  4.7653E+00 -1.1453E+00 -1.1439E-01
  1.1000E+01  1.2120E+01  2.7459E+00 -8.0861E-02 -2.7459E+00 -3.0762E+00 -7.2724E-02  1.0000E+00  2.7459E+00  3.0762E+00  3.7199E-01  7.2724E-02  6.8226E-03  7.6576E-02  2.6900E+00  3.6267E+00 -9.3674E-01 -7.9239E-02
  1.1000E+01  2.4080E+01  8.8555E-01 -3.6979E-02 -8.8555E-01 -1.9942E+00 -2.3454E-02  1.0000E+00  8.8555E-01  1.9942E+00  2.4973E+00  2.3454E-02  2.8742E-02  2.4696E-02  8.6000E-01  1.2606E+00 -4.0061E-01  1.1097E-03
  1.2000E+01  0.0000E+00  0.0000E+00  0.0000E+00 -0.0000E+00  0.0000E+00  0.0000E+00  1.0000E+00  0.0000E+00  0.0000E+00  0.0000E+00  0.0000E+00  0.0000E+00  0.0000E+00  0.0000E+00  0.0000E+00  0.0000E+00  0.0000E+00
  1.2000E+01  2.5000E-01  2.5790E+00 -1.9238E+00 -2.5790E+00 -2.6581E-02  2.2622E+00  1.0000E+00  2.5790E+00  2.6581E-02 -2.6223E-02 -2.2622E+00 -2.4403E-02  1.6814E+00  1.2500E+00  3.2256E+00 -1.9756E+00 -1.5804E+00
  1.2000E+01  5.0000E-01  4.5254E+00 -8.1839E-01 -4.5254E+00 -9.6790E-02  3.4587E+00  1.0000E+00  4.5254E+00  9.6790E-02 -9.4133E-02 -3.4587E+00 -8.1543E-02  1.6743E+00  3.9600E+00  5.3271E+00 -1.3671E+00 -5.0058E-01
  1.2000E+01  1.0000E+00  7.0628E+00  1.0962E+00 -7.0628E+00 -3.2359E-01  4.0101E+00  1.0000E+00  7.0628E+00  3.2359E-01 -3.0522E-01 -4.0101E+00 -2.2945E-01 -1.8633E-01  7.8200E+00  7.5122E+00  3.0784E-01  1.1106E+00
  1.2000E+01  2.0000E+00  9.0633E+00  9.5068E-01 -9.0633E+00 -9.3285E-01  2.5484E+00  1.0000E+00  9.0633E+00  9.3285E-01 -8.2078E-01 -2.5484E+00 -4.6931E-01 -3.1291E+00  9.7200E+00  8.4212E+00  1.2988E+00  7.7148E-01
  1.2000E+01  3.5200E+00  9.1261E+00  9.0316E-01 -9.1261E+00 -1.8768E+00  4.6325E-01  1.0000E+00  9.1261E+00  1.8768E+00 -1.4540E+00 -4.6325E-01 -5.7054E-01 -2.5111E+00  9.7500E+00  7.7135E+00  2.0365E+00  1.0340E+00
  1.2000E+01  5.0700E+00  8.3023E+00  3.8755E-01 -8.3023E+00 -2.6697E+00 -3.3500E-01  1.0000E+00  8.3023E+00  2.6697E+00 -1.7639E+00  3.3500E-01 -5.0173E-01 -7.6543E-01  8.5700E+00  6.7580E+00  1.8120E+00  7.1247E-01
  1.2000E+01  7.0700E+00  7.1348E+00 -7.8862E-01 -7.1348E+00 -3.4072E+00 -5.3443E-01  1.0000E+00  7.1348E+00  3.4072E+00 -1.7325E+00  5.3443E-01 -3.5833E-01  2.8193E-01  6.5900E+00  5.6661E+00  9.2387E-01 -4.0080E-01
  1.2000E+01  9.0300E+00  6.1138E+00 -5.5044E-03 -6.1138E+00 -3.8669E+00 -5.0277E-01  1.0000E+00  6.1138E+00  3.8669E+00 -1.3785E+00  5.0277E-01 -2.3118E-01  5.0586E-01  6.1100E+00  4.7653E+00  1.3447E+00  3.8443E-01
  1.2000E+01  1.2050E+01  4.8121E+00 -3.5049E-01 -4.8121E+00 -4.1959E+00 -4.0390E-01  1.0000E+00  4.8121E+00  4.1959E+00 -5.0331E-01  4.0390E-01 -8.5763E-02  4.6475E-01  4.5700E+00  3.6492E+00  9.2075E-01  1.9182E-02
  1.2000E+01  2.4150E+01  1.8426E+00 -9.7361E-01 -1.8426E+00 -3.3755E+00 -1.5491E-01  1.0000E+00  1.8426E+00  3.3755E+00  2.8212E+00  1.5491E-01  1.1585E-01  1.8096E-01  1.1700E+00  1.2528E+00 -8.2841E-02 -7.3230E-01
